HYPERPARAMETERS OF EACH ITERATION:
|   iter    |  target   | baggin... | baggin... | featur... | lambda_l1 | lambda_l2 | min_ch... | num_le... |
-------------------------------------------------------------------------------------------------------------
|  1        |  0.9994   |  0.6247   |  6.704    |  0.8392   |  5.987    |  1.56     |  19.82    |  16.75    |
|  2        |  0.9995   |  0.9197   |  4.607    |  0.8248   |  0.2058   |  9.699    |  84.08    |  55.93    |
|  3        |  0.9994   |  0.5091   |  2.1      |  0.5825   |  5.248    |  4.319    |  32.67    |  157.4    |
|  4        |  0.9994   |  0.4837   |  2.753    |  0.6198   |  4.561    |  7.852    |  23.97    |  132.6    |
|  5        |  0.9995   |  0.7554   |  1.279    |  0.7645   |  1.705    |  0.6505   |  95.14    |  247.3    |
|  6        |  0.9993   |  0.885    |  2.828    |  0.4586   |  6.842    |  4.402    |  16.59    |  127.8    |
|  7        |  0.9993   |  0.4206   |  6.456    |  0.5553   |  6.625    |  3.117    |  54.41    |  140.9    |
|  8        |  0.9994   |  0.5109   |  6.818    |  0.8651   |  9.395    |  8.948    |  61.8     |  236.2    |
|  9        |  0.9993   |  0.4531   |  2.176    |  0.4271   |  3.253    |  3.887    |  30.78    |  212.5    |
|  10       |  0.9995   |  0.6141   |  2.686    |  0.7256   |  1.409    |  8.022    |  12.08    |  252.7    |
|  11       |  0.9993   |  0.8633   |  2.192    |  0.4033   |  8.155    |  7.069    |  74.26    |  197.9    |
|  12       |  0.9993   |  0.4444   |  3.151    |  0.4695   |  8.631    |  6.233    |  36.44    |  18.14    |
|  13       |  0.9994   |  0.5866   |  2.951    |  0.8378   |  6.376    |  8.872    |  49.86    |  32.38    |
|  14       |  0.9994   |  0.8279   |  5.565    |  0.7368   |  7.71     |  4.938    |  54.66    |  110.6    |
|  15       |  0.9993   |  0.4153   |  1.647    |  0.4189   |  6.364    |  3.144    |  53.31    |  232.5    |
|  16       |  0.9995   |  0.5496   |  3.462    |  0.8533   |  2.288    |  0.7698   |  32.53    |  42.95    |
|  17       |  0.9994   |  0.9578   |  5.849    |  0.78     |  8.715    |  8.037    |  22.72    |  228.7    |
|  18       |  0.9995   |  0.7236   |  5.845    |  0.9377   |  3.18     |  1.101    |  26.65    |  110.5    |
|  19       |  0.9994   |  0.8908   |  6.164    |  0.4042   |  5.107    |  4.174    |  26.1     |  32.45    |
|  20       |  0.9994   |  0.6026   |  6.657    |  0.5939   |  5.188    |  7.03     |  39.54    |  248.8    |
|  21       |  0.9995   |  0.9775   |  2.511    |  0.6983   |  3.009    |  2.848    |  8.504    |  156.8    |
|  22       |  0.9994   |  0.7016   |  1.309    |  0.5672   |  9.083    |  2.396    |  18.77    |  126.3    |
|  23       |  0.9995   |  0.9914   |  2.452    |  0.8033   |  7.616    |  2.376    |  74.18    |  95.42    |
|  24       |  0.9995   |  0.7794   |  4.801    |  0.7215   |  0.9029   |  8.353    |  35.47    |  49.38    |
|  25       |  0.9995   |  0.4245   |  4.545    |  0.8065   |  0.1659   |  5.121    |  26.52    |  165.9    |
|  26       |  0.9994   |  0.5046   |  5.146    |  0.632    |  9.367    |  1.375    |  37.4     |  30.82    |
|  27       |  0.9994   |  0.9548   |  6.264    |  0.5548   |  6.6      |  8.172    |  57.74    |  136.5    |
|  28       |  0.9994   |  0.5451   |  1.559    |  0.9383   |  9.004    |  6.331    |  37.21    |  90.7     |
|  29       |  0.9994   |  0.8356   |  6.383    |  0.9323   |  7.799    |  6.42     |  12.99    |  43.05    |
|  30       |  0.9994   |  0.9391   |  4.639    |  0.4055   |  1.015    |  6.635    |  5.481    |  42.85    |
|  31       |  0.9995   |  0.7292   |  5.151    |  0.7912   |  2.243    |  7.122    |  27.54    |  84.65    |
|  32       |  0.9994   |  0.8479   |  4.898    |  0.9095   |  6.576    |  5.683    |  13.9     |  95.4     |
|  33       |  0.9994   |  0.5591   |  2.464    |  0.9838   |  3.931    |  8.92     |  64.96    |  203.9    |
|  34       |  0.9994   |  0.7016   |  4.461    |  0.6955   |  1.952    |  7.225    |  31.67    |  8.176    |
|  35       |  0.9993   |  0.7873   |  2.063    |  0.9643   |  9.539    |  9.149    |  40.17    |  5.926    |
|  36       |  0.9994   |  0.957    |  3.569    |  0.98     |  9.636    |  8.53     |  32.97    |  99.81    |
|  37       |  0.9993   |  0.9107   |  2.902    |  0.5017   |  5.568    |  9.362    |  71.12    |  146.8    |
|  38       |  0.9994   |  0.4583   |  4.69     |  0.994    |  1.401    |  5.183    |  88.35    |  190.2    |
|  39       |  0.9994   |  0.8182   |  5.215    |  0.6157   |  2.936    |  8.094    |  81.96    |  222.2    |
|  40       |  0.9994   |  0.9479   |  4.068    |  0.7009   |  7.983    |  6.5      |  71.69    |  204.1    |
|  41       |  0.9995   |  0.934    |  3.028    |  0.6253   |  0.9398   |  5.783    |  8.415    |  120.3    |
|  42       |  0.9995   |  0.7256   |  2.719    |  0.7545   |  0.305    |  0.3735   |  83.15    |  93.49    |
|  43       |  0.9994   |  0.4762   |  4.133    |  0.862    |  2.158    |  6.229    |  13.11    |  15.13    |
|  44       |  0.9994   |  0.7188   |  4.244    |  0.7825   |  7.261    |  9.759    |  54.05    |  84.03    |
|  45       |  0.9995   |  0.8771   |  2.625    |  0.6634   |  0.7846   |  0.2535   |  96.45    |  214.3    |
|  46       |  0.9994   |  0.8176   |  3.454    |  0.504    |  1.564    |  2.502    |  57.18    |  183.5    |
|  47       |  0.9994   |  0.7961   |  2.68     |  0.9729   |  7.379    |  5.544    |  63.11    |  108.6    |
|  48       |  0.9995   |  0.5486   |  3.136    |  0.8547   |  0.1439   |  1.161    |  9.37     |  12.35    |
|  49       |  0.9995   |  0.9133   |  5.222    |  0.6845   |  0.9783   |  4.916    |  49.98    |  45.99    |
|  50       |  0.9994   |  0.6603   |  3.391    |  0.7695   |  6.351    |  0.453    |  40.59    |  161.0    |
|  51       |  0.9995   |  0.4921   |  2.24     |  0.773    |  1.282    |  2.652    |  84.35    |  85.08    |
|  52       |  0.9994   |  0.772    |  2.851    |  0.4597   |  2.06     |  0.2143   |  89.06    |  97.41    |
|  53       |  0.9994   |  0.8631   |  2.666    |  0.4529   |  0.6447   |  3.644    |  81.3     |  92.37    |
|  54       |  0.9994   |  0.9991   |  1.307    |  0.8695   |  7.423    |  7.924    |  38.18    |  120.0    |
|  55       |  0.9994   |  0.7336   |  6.422    |  0.7971   |  2.305    |  9.661    |  42.63    |  9.026    |
|  56       |  0.9995   |  0.8855   |  2.156    |  0.9105   |  6.51     |  6.631    |  9.864    |  108.4    |
|  57       |  0.9994   |  0.8258   |  4.789    |  0.8811   |  6.739    |  8.448    |  25.48    |  245.8    |
|  58       |  0.9994   |  0.4715   |  6.702    |  0.981    |  9.533    |  9.249    |  27.46    |  109.0    |
|  59       |  0.9995   |  0.9858   |  5.199    |  0.9417   |  4.447    |  4.08     |  27.84    |  47.48    |
|  60       |  0.9994   |  0.657    |  2.964    |  0.7105   |  9.814    |  0.1684   |  89.61    |  133.9    |
|  61       |  0.9993   |  0.4039   |  3.898    |  0.5745   |  5.863    |  5.109    |  20.17    |  247.5    |
|  62       |  0.9995   |  0.8666   |  5.286    |  0.7591   |  0.26     |  4.421    |  59.09    |  173.6    |
|  63       |  0.9993   |  0.6024   |  6.795    |  0.4568   |  4.716    |  9.729    |  60.35    |  200.8    |
|  64       |  0.9994   |  0.4037   |  5.035    |  0.7843   |  9.37     |  7.269    |  21.63    |  228.7    |
|  65       |  0.9994   |  0.8478   |  3.031    |  0.672    |  6.56     |  6.258    |  24.49    |  191.8    |
|  66       |  0.9994   |  0.9631   |  5.744    |  0.5525   |  6.951    |  2.209    |  66.61    |  189.1    |
|  67       |  0.9995   |  0.8038   |  3.981    |  0.7321   |  2.695    |  4.208    |  28.27    |  253.8    |
|  68       |  0.999    |  0.7193   |  5.477    |  0.7086   |  4.519    |  5.651    |  43.62    |  4.763    |
|  69       |  0.9994   |  0.9028   |  4.556    |  0.6244   |  2.785    |  9.861    |  44.68    |  193.5    |
|  70       |  0.9994   |  0.5974   |  5.341    |  0.6057   |  6.094    |  7.423    |  7.175    |  52.08    |
|  71       |  0.9994   |  0.5938   |  2.838    |  0.4786   |  1.914    |  1.156    |  84.14    |  91.28    |
|  72       |  0.9994   |  0.7555   |  2.311    |  0.6047   |  3.679    |  4.45     |  99.59    |  149.0    |
|  73       |  0.9993   |  0.4376   |  6.907    |  0.5385   |  0.7324   |  9.91     |  88.39    |  226.9    |
|  74       |  0.9994   |  0.7457   |  4.157    |  0.6885   |  0.1144   |  4.844    |  52.86    |  9.54     |
|  75       |  0.9994   |  0.8833   |  6.937    |  0.5139   |  1.558    |  3.118    |  43.75    |  103.8    |
|  76       |  0.9994   |  0.9604   |  5.131    |  0.7993   |  8.562    |  3.273    |  5.17     |  166.4    |
|  77       |  0.9994   |  0.5342   |  3.496    |  0.8117   |  4.72     |  5.384    |  22.96    |  202.0    |
|  78       |  0.9995   |  0.7168   |  5.875    |  0.9459   |  2.507    |  7.593    |  89.74    |  44.44    |
|  79       |  0.9994   |  0.6892   |  6.878    |  0.8443   |  7.391    |  9.329    |  50.41    |  215.1    |
|  80       |  0.9994   |  0.7978   |  4.858    |  0.9546   |  4.536    |  6.566    |  44.84    |  217.0    |
|  81       |  0.9994   |  0.5646   |  5.75     |  0.8924   |  9.766    |  1.332    |  30.85    |  108.3    |
|  82       |  0.9993   |  0.9175   |  5.242    |  0.4957   |  7.411    |  6.597    |  35.74    |  10.95    |
|  83       |  0.9994   |  0.4248   |  6.532    |  0.6109   |  2.998    |  3.563    |  24.2     |  209.4    |
|  84       |  0.9994   |  0.8161   |  2.147    |  0.6203   |  8.659    |  0.6733   |  49.75    |  48.48    |
|  85       |  0.9994   |  0.427    |  1.922    |  0.6625   |  6.369    |  1.243    |  28.38    |  16.73    |
|  86       |  0.9994   |  0.4649   |  6.254    |  0.9219   |  9.962    |  3.213    |  70.2     |  110.1    |
|  87       |  0.9994   |  0.7659   |  6.794    |  0.5447   |  1.06     |  2.209    |  70.44    |  130.6    |
|  88       |  0.9995   |  0.9823   |  2.531    |  0.9506   |  3.568    |  2.966    |  85.93    |  46.09    |
|  89       |  0.9994   |  0.6721   |  3.945    |  0.9003   |  8.489    |  3.596    |  22.87    |  223.4    |
|  90       |  0.9993   |  0.9656   |  4.87     |  0.407    |  7.387    |  9.417    |  62.65    |  147.2    |
|  91       |  0.9993   |  0.6728   |  2.276    |  0.4164   |  6.587    |  2.875    |  74.81    |  235.6    |
|  92       |  0.9994   |  0.6155   |  4.481    |  0.8625   |  2.157    |  9.715    |  42.25    |  167.9    |
|  93       |  0.9994   |  0.9328   |  6.581    |  0.7373   |  9.093    |  7.157    |  12.4     |  51.33    |
|  94       |  0.9994   |  0.9043   |  5.181    |  0.4027   |  4.262    |  4.593    |  28.78    |  46.98    |
|  95       |  0.9995   |  0.8207   |  6.231    |  0.823    |  3.71     |  5.71     |  25.85    |  55.85    |
|  96       |  0.9995   |  0.7183   |  4.782    |  0.9939   |  2.707    |  6.66     |  83.58    |  151.9    |
|  97       |  0.9994   |  0.8248   |  5.707    |  0.7315   |  5.348    |  5.653    |  56.33    |  184.9    |
|  98       |  0.9994   |  0.961    |  6.739    |  0.6601   |  1.716    |  9.005    |  89.49    |  132.6    |
|  99       |  0.9994   |  0.8366   |  3.978    |  0.7021   |  7.87     |  1.839    |  13.95    |  72.79    |
|  100      |  0.9995   |  0.5649   |  5.02     |  0.7792   |  2.119    |  3.145    |  36.49    |  69.92    |
|  101      |  0.9995   |  0.4519   |  3.0      |  0.8331   |  0.0416   |  0.5419   |  82.59    |  145.8    |
|  102      |  0.9993   |  0.6082   |  2.843    |  0.5421   |  5.114    |  3.137    |  28.92    |  7.183    |
|  103      |  0.9995   |  0.7075   |  2.52     |  0.8814   |  4.19     |  1.611    |  7.247    |  53.04    |
|  104      |  0.9994   |  0.948    |  2.642    |  0.4735   |  6.93     |  8.353    |  35.96    |  226.3    |
|  105      |  0.9994   |  0.9133   |  6.66     |  0.4202   |  5.337    |  4.649    |  72.91    |  225.5    |
|  106      |  0.9994   |  0.4608   |  5.702    |  0.8533   |  6.817    |  2.121    |  52.81    |  238.2    |
|  107      |  0.9995   |  0.8468   |  4.508    |  0.9472   |  5.777    |  6.101    |  51.2     |  233.8    |
|  108      |  0.9994   |  0.6462   |  1.674    |  0.7071   |  5.141    |  2.185    |  90.7     |  96.06    |
|  109      |  0.9994   |  0.9249   |  2.145    |  0.4752   |  2.59     |  5.554    |  31.1     |  41.54    |
|  110      |  0.9993   |  0.9837   |  5.048    |  0.6299   |  3.005    |  3.895    |  6.931    |  5.415    |
|  111      |  0.9994   |  0.6519   |  6.601    |  0.4646   |  0.2449   |  1.765    |  32.6     |  251.2    |
|  112      |  0.9994   |  0.5122   |  1.726    |  0.8878   |  7.087    |  9.554    |  85.89    |  195.0    |
|  113      |  0.9994   |  0.9784   |  1.153    |  0.9481   |  8.788    |  8.887    |  87.31    |  175.8    |
|  114      |  0.9994   |  0.4062   |  5.001    |  0.9936   |  3.381    |  4.996    |  73.12    |  26.18    |
|  115      |  0.9994   |  0.9249   |  5.15     |  0.4258   |  2.094    |  3.228    |  80.84    |  149.8    |
|  116      |  0.9994   |  0.4928   |  6.55     |  0.6706   |  4.66     |  0.5872   |  36.4     |  185.2    |
|  117      |  0.9995   |  0.9567   |  2.942    |  0.6861   |  0.3042   |  4.523    |  94.95    |  168.6    |
|  118      |  0.9994   |  0.6469   |  6.803    |  0.5573   |  1.31     |  0.02854  |  94.64    |  137.7    |
|  119      |  0.9995   |  0.8867   |  2.697    |  0.8107   |  4.242    |  6.817    |  59.54    |  248.9    |
|  120      |  0.9994   |  0.5403   |  2.925    |  0.6064   |  2.965    |  8.402    |  62.69    |  213.6    |
|  121      |  0.9994   |  0.636    |  3.664    |  0.8594   |  3.05     |  5.939    |  25.8     |  82.81    |
|  122      |  0.9994   |  0.49     |  3.792    |  0.9001   |  6.747    |  5.225    |  72.41    |  131.0    |
|  123      |  0.9995   |  0.8584   |  3.573    |  0.7115   |  2.045    |  5.483    |  24.08    |  139.0    |
|  124      |  0.9994   |  0.4743   |  3.279    |  0.595    |  0.4878   |  4.009    |  54.24    |  250.7    |
|  125      |  0.9995   |  0.8191   |  1.279    |  0.7726   |  0.9432   |  8.429    |  12.62    |  205.8    |
|  126      |  0.9993   |  0.8348   |  5.902    |  0.4109   |  8.653    |  4.946    |  43.21    |  23.87    |
|  127      |  0.9994   |  0.6732   |  4.325    |  0.5484   |  9.155    |  1.589    |  78.92    |  73.85    |
|  128      |  0.9994   |  0.8051   |  4.651    |  0.8043   |  7.319    |  0.06008  |  17.91    |  205.1    |
|  129      |  0.9995   |  0.8452   |  1.926    |  0.8418   |  4.268    |  4.785    |  21.77    |  179.5    |
|  130      |  0.9994   |  0.8965   |  4.421    |  0.5547   |  1.047    |  9.75     |  87.89    |  156.0    |
|  131      |  0.9994   |  0.5806   |  3.412    |  0.9697   |  4.304    |  0.5934   |  10.47    |  18.26    |
|  132      |  0.9994   |  0.8826   |  6.955    |  0.5786   |  0.3042   |  6.375    |  13.93    |  170.5    |
|  133      |  0.9994   |  0.8989   |  6.432    |  0.817    |  9.643    |  2.422    |  43.23    |  216.0    |
|  134      |  0.9993   |  0.6467   |  5.552    |  0.4728   |  9.105    |  5.987    |  21.48    |  18.76    |
|  135      |  0.9994   |  0.8609   |  4.165    |  0.8356   |  6.186    |  6.814    |  57.63    |  164.2    |
|  136      |  0.9994   |  0.5409   |  4.621    |  0.6563   |  4.291    |  6.139    |  93.13    |  20.62    |
|  137      |  0.9995   |  0.8248   |  4.493    |  0.9405   |  4.149    |  9.959    |  9.706    |  81.86    |
|  138      |  0.9994   |  0.568    |  6.518    |  0.7097   |  5.366    |  9.083    |  23.94    |  74.58    |
|  139      |  0.9995   |  0.7733   |  5.275    |  0.7137   |  1.538    |  2.636    |  83.32    |  36.0     |
|  140      |  0.9994   |  0.7527   |  5.507    |  0.6139   |  3.552    |  4.022    |  60.09    |  58.56    |
|  141      |  0.9994   |  0.8664   |  1.798    |  0.8097   |  6.213    |  3.523    |  11.11    |  159.6    |
|  142      |  0.9993   |  0.4014   |  3.882    |  0.4698   |  9.011    |  4.509    |  36.41    |  192.5    |
|  143      |  0.9994   |  0.5938   |  3.319    |  0.606    |  0.2144   |  7.159    |  85.81    |  225.3    |
|  144      |  0.9994   |  0.8321   |  3.214    |  0.7327   |  9.768    |  8.899    |  68.42    |  230.6    |
|  145      |  0.9994   |  0.5648   |  1.345    |  0.8375   |  2.212    |  6.208    |  63.05    |  195.6    |
|  146      |  0.9994   |  0.7456   |  3.184    |  0.5067   |  0.4343   |  4.245    |  66.2     |  31.76    |
|  147      |  0.9993   |  0.46     |  3.489    |  0.5803   |  9.564    |  4.836    |  44.59    |  167.1    |
|  148      |  0.9994   |  0.5502   |  5.054    |  0.8807   |  9.323    |  4.193    |  27.73    |  214.5    |
|  149      |  0.9995   |  0.7577   |  1.864    |  0.996    |  0.393    |  7.841    |  77.97    |  196.2    |
|  150      |  0.9993   |  0.866    |  1.517    |  0.5078   |  9.237    |  3.129    |  79.52    |  27.13    |
|  151      |  0.9993   |  0.4095   |  2.461    |  0.5546   |  5.484    |  7.687    |  78.93    |  76.62    |
|  152      |  0.9995   |  0.4855   |  3.391    |  0.7466   |  0.8352   |  2.716    |  44.66    |  132.9    |
|  153      |  0.9994   |  0.437    |  6.108    |  0.6544   |  6.892    |  7.081    |  88.1     |  188.6    |
|  154      |  0.9994   |  0.5282   |  5.033    |  0.908    |  1.49     |  9.348    |  65.96    |  74.44    |
|  155      |  0.9994   |  0.5106   |  4.196    |  0.9537   |  7.353    |  7.92     |  6.813    |  95.69    |
|  156      |  0.9993   |  0.7548   |  4.071    |  0.5055   |  3.735    |  3.245    |  87.2     |  200.5    |
|  157      |  0.9993   |  0.554    |  2.762    |  0.4457   |  7.218    |  0.9772   |  37.86    |  113.7    |
|  158      |  0.9993   |  0.5615   |  1.537    |  0.5151   |  9.295    |  8.351    |  61.03    |  173.5    |
|  159      |  0.9994   |  0.7369   |  4.403    |  0.6664   |  1.05     |  9.038    |  61.71    |  195.4    |
|  160      |  0.9994   |  0.6645   |  6.923    |  0.7427   |  2.392    |  7.2      |  99.23    |  147.2    |
|  161      |  0.9994   |  0.7351   |  6.345    |  0.7429   |  4.048    |  8.991    |  84.53    |  132.1    |
|  162      |  0.9994   |  0.5928   |  4.425    |  0.8537   |  7.971    |  0.13     |  98.66    |  111.2    |
|  163      |  0.9994   |  0.8084   |  4.917    |  0.5061   |  3.325    |  5.598    |  37.61    |  149.4    |
|  164      |  0.9994   |  0.6177   |  5.115    |  0.715    |  7.242    |  6.833    |  97.59    |  134.8    |
|  165      |  0.9995   |  0.8761   |  3.047    |  0.8589   |  1.138    |  2.692    |  45.98    |  92.12    |
|  166      |  0.9994   |  0.8528   |  4.225    |  0.707    |  3.647    |  7.675    |  72.01    |  108.1    |
|  167      |  0.9995   |  0.6797   |  2.275    |  0.8496   |  3.808    |  4.589    |  20.88    |  147.4    |
|  168      |  0.9994   |  0.4809   |  4.36     |  0.6922   |  5.133    |  4.765    |  47.65    |  161.4    |
|  169      |  0.9993   |  0.4356   |  4.31     |  0.5066   |  1.129    |  3.064    |  98.93    |  28.54    |
|  170      |  0.9993   |  0.587    |  4.321    |  0.409    |  9.022    |  1.186    |  8.572    |  205.7    |
|  171      |  0.9994   |  0.8077   |  4.895    |  0.8409   |  8.69     |  2.364    |  70.16    |  34.4     |
|  172      |  0.9994   |  0.6922   |  3.019    |  0.9652   |  7.395    |  0.8818   |  86.69    |  146.2    |
|  173      |  0.9995   |  0.4698   |  2.047    |  0.7713   |  0.3486   |  1.071    |  60.68    |  25.92    |
|  174      |  0.9993   |  0.5897   |  5.088    |  0.5414   |  7.114    |  9.164    |  67.65    |  100.2    |
|  175      |  0.9995   |  0.9923   |  5.441    |  0.9876   |  4.441    |  8.96     |  80.36    |  121.1    |
|  176      |  0.9994   |  0.6165   |  1.942    |  0.7126   |  1.941    |  5.675    |  63.18    |  154.6    |
|  177      |  0.9994   |  0.5446   |  2.579    |  0.9023   |  9.006    |  5.724    |  71.41    |  173.8    |
|  178      |  0.9994   |  0.7947   |  3.312    |  0.4327   |  0.7911   |  7.483    |  74.81    |  121.9    |
|  179      |  0.9994   |  0.5291   |  5.429    |  0.8804   |  6.815    |  5.217    |  8.085    |  82.78    |
|  180      |  0.9994   |  0.9039   |  2.948    |  0.5518   |  7.299    |  5.769    |  69.1     |  98.75    |
|  181      |  0.9995   |  0.4561   |  5.321    |  0.783    |  0.01586  |  1.081    |  53.23    |  211.6    |
|  182      |  0.9995   |  0.834    |  5.351    |  0.7531   |  2.526    |  3.646    |  35.93    |  69.9     |
|  183      |  0.9994   |  0.9913   |  4.474    |  0.571    |  5.644    |  5.535    |  50.33    |  234.0    |
|  184      |  0.9994   |  0.9632   |  2.16     |  0.4054   |  4.786    |  4.293    |  20.96    |  147.5    |
|  185      |  0.9994   |  0.6497   |  2.297    |  0.811    |  3.851    |  4.45     |  20.21    |  147.0    |
|  186      |  0.9995   |  0.7856   |  6.724    |  0.9508   |  4.657    |  1.1      |  26.74    |  110.8    |
|  187      |  0.9993   |  0.4352   |  3.294    |  0.4555   |  2.315    |  4.906    |  24.63    |  138.6    |
|  188      |  0.9994   |  0.7522   |  6.565    |  0.5453   |  1.988    |  5.001    |  61.73    |  131.5    |
|  189      |  0.9994   |  0.7591   |  3.479    |  0.683    |  7.658    |  3.874    |  27.87    |  168.1    |
|  190      |  0.9995   |  0.7941   |  5.01     |  0.6245   |  2.991    |  1.463    |  26.8     |  111.3    |
|  191      |  0.9995   |  0.9158   |  6.313    |  0.9488   |  4.465    |  8.728    |  80.26    |  120.4    |
|  192      |  0.9993   |  0.5579   |  5.937    |  0.4758   |  4.999    |  3.224    |  27.63    |  47.78    |
|  193      |  0.9993   |  0.6578   |  4.156    |  0.4344   |  7.435    |  3.692    |  9.316    |  79.46    |
|  194      |  0.9995   |  0.9753   |  4.204    |  0.7978   |  5.126    |  1.627    |  73.23    |  175.0    |
|  195      |  0.9994   |  0.9059   |  2.932    |  0.4093   |  4.15     |  2.813    |  44.14    |  209.5    |
|  196      |  0.9994   |  0.9453   |  3.864    |  0.4595   |  3.456    |  9.388    |  8.859    |  82.25    |
|  197      |  0.9993   |  0.5097   |  3.768    |  0.4657   |  7.604    |  3.539    |  41.26    |  47.09    |
|  198      |  0.9994   |  0.5442   |  5.814    |  0.7436   |  9.32     |  5.98     |  46.41    |  85.98    |
|  199      |  0.9995   |  0.9125   |  4.384    |  0.9705   |  5.237    |  6.309    |  51.41    |  234.2    |
|  200      |  0.9994   |  0.423    |  3.454    |  0.6241   |  1.222    |  0.03297  |  54.73    |  28.91    |
|  201      |  0.9994   |  0.5346   |  3.735    |  0.5534   |  3.363    |  6.936    |  50.4     |  213.9    |
|  202      |  0.9994   |  0.6877   |  3.403    |  0.4862   |  1.49     |  0.02907  |  82.4     |  146.7    |
|  203      |  0.9994   |  0.8339   |  6.209    |  0.4401   |  3.453    |  1.433    |  25.88    |  110.0    |
|  204      |  0.9994   |  0.9373   |  2.508    |  0.5063   |  2.64     |  0.1759   |  74.19    |  62.01    |
|  205      |  0.9994   |  0.4715   |  1.882    |  0.7811   |  8.863    |  6.915    |  31.64    |  60.17    |
|  206      |  0.9994   |  0.5541   |  5.935    |  0.8464   |  3.444    |  8.207    |  17.14    |  22.71    |
|  207      |  0.9994   |  0.4296   |  3.981    |  0.6935   |  1.677    |  6.429    |  45.05    |  100.8    |
|  208      |  0.9994   |  0.5564   |  1.874    |  0.6083   |  3.545    |  4.519    |  20.78    |  179.1    |
|  209      |  0.9994   |  0.8742   |  5.578    |  0.5714   |  8.961    |  3.544    |  6.114    |  166.4    |
|  210      |  0.9995   |  0.5766   |  1.987    |  0.7734   |  0.06354  |  8.228    |  6.528    |  249.7    |
|  211      |  0.9994   |  0.564    |  6.991    |  0.9459   |  8.776    |  1.825    |  11.83    |  213.2    |
|  212      |  0.9994   |  0.5748   |  4.991    |  0.9521   |  8.302    |  9.924    |  71.22    |  157.3    |
|  213      |  0.9995   |  0.6718   |  5.61     |  0.8486   |  0.5752   |  4.672    |  49.03    |  45.79    |
|  214      |  0.9994   |  0.5969   |  2.256    |  0.9838   |  8.463    |  8.9      |  32.05    |  22.0     |
|  215      |  0.9995   |  0.8127   |  3.051    |  0.7106   |  0.312    |  5.941    |  8.702    |  119.2    |
|  216      |  0.9994   |  0.9946   |  6.049    |  0.4977   |  0.4762   |  6.215    |  13.31    |  169.3    |
|  217      |  0.9994   |  0.8811   |  2.309    |  0.4341   |  1.272    |  0.4102   |  96.67    |  213.0    |
|  218      |  0.9994   |  0.5618   |  1.088    |  0.7354   |  7.464    |  3.068    |  76.41    |  68.19    |
|  219      |  0.9993   |  0.4144   |  4.484    |  0.4217   |  3.338    |  3.355    |  36.47    |  69.96    |
|  220      |  0.9993   |  0.6323   |  4.586    |  0.4919   |  4.098    |  4.783    |  56.84    |  195.0    |
|  221      |  0.9994   |  0.9782   |  2.002    |  0.4693   |  0.08596  |  0.4869   |  83.84    |  94.35    |
|  222      |  0.9995   |  0.7292   |  5.205    |  0.968    |  0.7533   |  1.654    |  97.27    |  56.03    |
|  223      |  0.9995   |  0.9961   |  6.374    |  0.7317   |  2.676    |  5.023    |  85.91    |  101.5    |
|  224      |  0.9994   |  0.4115   |  3.511    |  0.6197   |  0.8498   |  0.5004   |  82.15    |  92.25    |
|  225      |  0.9994   |  0.7046   |  5.843    |  0.6298   |  1.363    |  5.129    |  48.32    |  46.35    |
|  226      |  0.9994   |  0.5732   |  1.524    |  0.9824   |  7.289    |  9.797    |  46.2     |  33.69    |
|  227      |  0.9995   |  0.4904   |  6.339    |  0.9389   |  2.74     |  0.8655   |  75.35    |  24.03    |
|  228      |  0.9994   |  0.6412   |  4.967    |  0.8906   |  9.501    |  3.936    |  59.63    |  207.7    |
|  229      |  0.9994   |  0.6821   |  1.038    |  0.7585   |  4.306    |  6.356    |  25.05    |  137.7    |
|  230      |  0.9995   |  0.5386   |  4.92     |  0.7005   |  1.779    |  1.979    |  96.07    |  57.01    |
|  231      |  0.9995   |  0.6107   |  5.677    |  0.9293   |  0.9963   |  3.0      |  82.81    |  89.92    |
|  232      |  0.9994   |  0.9232   |  3.452    |  0.7256   |  7.098    |  4.696    |  18.95    |  154.8    |
|  233      |  0.9995   |  0.6829   |  2.093    |  0.7632   |  0.1841   |  1.987    |  60.41    |  26.59    |
|  234      |  0.9995   |  0.8701   |  4.454    |  0.7386   |  0.06416  |  9.459    |  85.02    |  56.12    |
|  235      |  0.9994   |  0.7937   |  4.945    |  0.4788   |  1.873    |  1.855    |  98.01    |  56.59    |
|  236      |  0.9994   |  0.9255   |  2.074    |  0.6912   |  3.926    |  5.331    |  56.05    |  117.2    |
|  237      |  0.9995   |  0.9361   |  2.984    |  0.9212   |  3.627    |  3.833    |  85.56    |  45.49    |
|  238      |  0.9995   |  0.8372   |  2.329    |  0.9854   |  2.227    |  2.718    |  9.647    |  156.5    |
|  239      |  0.9994   |  0.4143   |  2.472    |  0.6904   |  1.685    |  2.201    |  46.11    |  91.83    |
|  240      |  0.9995   |  0.5656   |  3.011    |  0.8781   |  0.491    |  8.901    |  5.64     |  249.6    |
|  241      |  0.9994   |  0.6259   |  4.132    |  0.539    |  1.284    |  2.932    |  83.93    |  35.95    |
|  242      |  0.9994   |  0.5346   |  2.854    |  0.9308   |  3.728    |  2.264    |  86.43    |  46.35    |
|  243      |  0.9994   |  0.4563   |  6.148    |  0.8508   |  2.744    |  8.571    |  89.43    |  44.39    |
|  244      |  0.9995   |  0.5842   |  5.406    |  0.8856   |  0.1126   |  1.266    |  98.37    |  55.44    |
|  245      |  0.9995   |  0.7287   |  5.294    |  0.7704   |  0.8618   |  3.311    |  45.39    |  92.28    |
|  246      |  0.9995   |  0.8228   |  3.75     |  0.6482   |  0.8173   |  5.874    |  8.176    |  118.7    |
|  247      |  0.9995   |  0.802    |  5.242    |  0.8195   |  0.6628   |  2.638    |  53.12    |  211.8    |
|  248      |  0.9995   |  0.8776   |  2.569    |  0.6041   |  0.8218   |  0.1383   |  60.56    |  25.04    |
|  249      |  0.9995   |  0.6974   |  2.277    |  0.807    |  0.4682   |  9.891    |  6.588    |  250.2    |
|  250      |  0.9995   |  0.9911   |  5.298    |  0.7609   |  1.222    |  3.169    |  82.69    |  91.16    |
|  251      |  0.9995   |  0.4527   |  1.297    |  0.9487   |  0.4889   |  3.374    |  9.061    |  156.8    |
|  252      |  0.9994   |  0.5154   |  4.403    |  0.6199   |  0.1502   |  1.62     |  97.66    |  54.13    |
|  253      |  0.9993   |  0.4494   |  6.41     |  0.4223   |  3.222    |  5.999    |  86.5     |  100.7    |
|  254      |  0.9995   |  0.559    |  2.94     |  0.7324   |  2.352    |  3.186    |  8.851    |  157.9    |
|  255      |  0.9995   |  0.7884   |  2.169    |  0.7754   |  0.5072   |  4.967    |  8.562    |  119.9    |
|  256      |  0.9994   |  0.6784   |  2.041    |  0.4151   |  0.3194   |  1.021    |  59.64    |  25.25    |
|  257      |  0.9994   |  0.6103   |  5.709    |  0.5677   |  0.9676   |  3.284    |  58.76    |  172.5    |
|  258      |  0.9994   |  0.528    |  4.615    |  0.6538   |  0.2767   |  2.019    |  97.84    |  54.89    |
|  259      |  0.9995   |  0.6863   |  5.874    |  0.7416   |  0.8975   |  2.869    |  83.64    |  88.55    |
|  260      |  0.9994   |  0.9906   |  1.646    |  0.4216   |  0.4854   |  9.58     |  6.807    |  248.1    |
|  261      |  0.9995   |  0.814    |  2.116    |  0.8986   |  0.07635  |  6.708    |  77.8     |  195.2    |
|  262      |  0.9995   |  0.8739   |  6.168    |  0.7773   |  2.683    |  4.505    |  84.35    |  101.5    |
|  263      |  0.9994   |  0.5064   |  1.232    |  0.5958   |  0.6558   |  0.6909   |  96.41    |  247.6    |
|  264      |  0.9995   |  0.5603   |  3.645    |  0.9805   |  0.9791   |  5.565    |  94.54    |  168.0    |
|  265      |  0.9995   |  0.8346   |  2.517    |  0.6735   |  0.8566   |  3.103    |  9.46     |  157.1    |
|  266      |  0.9994   |  0.7747   |  2.907    |  0.406    |  0.6676   |  8.716    |  7.14     |  250.5    |
|  267      |  0.9994   |  0.6725   |  6.067    |  0.6626   |  1.585    |  3.522    |  85.14    |  100.4    |
|  268      |  0.9995   |  0.752    |  4.702    |  0.6484   |  0.5135   |  4.601    |  60.29    |  174.2    |
|  269      |  0.9995   |  0.8764   |  4.445    |  0.9944   |  2.014    |  2.912    |  52.67    |  211.8    |
|  270      |  0.9995   |  0.8389   |  5.815    |  0.785    |  2.273    |  1.85     |  53.49    |  211.2    |
|  271      |  0.9995   |  0.8124   |  1.378    |  0.6335   |  0.3493   |  0.7141   |  62.19    |  25.45    |
|  272      |  0.9995   |  0.6953   |  2.334    |  0.6964   |  0.7256   |  1.558    |  61.7     |  26.98    |
|  273      |  0.9995   |  0.7076   |  1.12     |  0.886    |  1.754    |  2.735    |  8.764    |  156.3    |
|  274      |  0.9995   |  0.9522   |  4.076    |  0.8895   |  0.2171   |  3.872    |  46.36    |  93.08    |
|  275      |  0.9994   |  0.9024   |  4.618    |  0.4421   |  1.324    |  0.8951   |  55.24    |  212.0    |
|  276      |  0.9994   |  0.7534   |  1.287    |  0.6106   |  2.173    |  1.921    |  10.79    |  156.7    |
|  277      |  0.9994   |  0.7324   |  1.271    |  0.4044   |  0.6316   |  1.978    |  62.77    |  25.41    |
|  278      |  0.9995   |  0.9429   |  5.516    |  0.6984   |  1.678    |  3.225    |  52.51    |  210.9    |
|  279      |  0.9995   |  0.9479   |  4.865    |  0.9167   |  1.46     |  3.733    |  46.42    |  91.01    |
|  280      |  0.9994   |  0.8337   |  3.995    |  0.5199   |  0.4031   |  1.55     |  52.32    |  212.3    |
|  281      |  0.9995   |  0.8793   |  1.903    |  0.83     |  1.594    |  0.9035   |  62.78    |  27.78    |
|  282      |  0.9995   |  0.8823   |  4.893    |  0.9552   |  2.27     |  3.406    |  82.3     |  91.31    |
|  283      |  0.9995   |  0.9121   |  3.406    |  0.8051   |  0.7223   |  2.126    |  44.41    |  93.55    |
|  284      |  0.9995   |  0.706    |  5.586    |  0.7835   |  0.814    |  1.394    |  99.03    |  54.94    |
|  285      |  0.9995   |  0.5717   |  1.639    |  0.9505   |  0.5333   |  7.438    |  78.13    |  197.4    |
|  286      |  0.9995   |  0.4856   |  1.754    |  0.6765   |  0.03318  |  0.3848   |  82.03    |  146.3    |
|  287      |  0.9995   |  0.6933   |  3.604    |  0.9191   |  2.606    |  1.156    |  44.2     |  92.68    |
|  288      |  0.9995   |  0.6609   |  4.377    |  0.7932   |  2.438    |  1.982    |  43.88    |  92.7     |
|  289      |  0.9995   |  0.4491   |  2.256    |  0.922    |  0.9404   |  1.439    |  8.542    |  156.1    |
|  290      |  0.9995   |  0.7897   |  1.318    |  0.7573   |  1.008    |  1.281    |  61.48    |  25.92    |
|  291      |  0.9994   |  0.872    |  3.282    |  0.6097   |  0.7584   |  4.719    |  45.5     |  92.04    |
|  292      |  0.9995   |  0.8899   |  6.906    |  0.7545   |  0.752    |  2.874    |  82.02    |  90.58    |
|  293      |  0.9995   |  0.9961   |  5.433    |  0.7948   |  0.3019   |  1.938    |  82.25    |  88.55    |
|  294      |  0.9995   |  0.4522   |  5.296    |  0.9634   |  1.022    |  1.684    |  52.13    |  212.2    |
|  295      |  0.9995   |  0.7501   |  3.815    |  0.6387   |  1.74     |  4.137    |  46.3     |  94.42    |
|  296      |  0.9994   |  0.7156   |  5.048    |  0.4185   |  0.5719   |  2.928    |  83.16    |  89.02    |
|  297      |  0.9995   |  0.7602   |  1.534    |  0.7473   |  1.139    |  6.401    |  79.07    |  196.5    |
|  298      |  0.9995   |  0.7162   |  2.528    |  0.7517   |  1.113    |  2.724    |  6.985    |  156.3    |
|  299      |  0.9995   |  0.6873   |  4.551    |  0.9209   |  0.9677   |  2.459    |  45.33    |  91.89    |
|  300      |  0.9995   |  0.5167   |  5.681    |  0.8389   |  1.137    |  4.543    |  53.28    |  212.2    |
|  301      |  0.9995   |  0.8558   |  4.339    |  0.854    |  2.077    |  2.798    |  46.32    |  90.51    |
|  302      |  0.9995   |  0.4569   |  1.43     |  0.8992   |  1.071    |  3.532    |  9.613    |  155.6    |
|  303      |  0.9994   |  0.8791   |  5.376    |  0.4891   |  2.566    |  5.072    |  82.11    |  91.19    |
|  304      |  0.9994   |  0.4078   |  3.712    |  0.6703   |  0.1699   |  1.327    |  60.87    |  25.55    |
|  305      |  0.9994   |  0.8798   |  6.093    |  0.5804   |  1.921    |  2.165    |  82.63    |  89.97    |
|  306      |  0.9995   |  0.6514   |  2.667    |  0.9361   |  1.568    |  0.6971   |  62.2     |  26.85    |
|  307      |  0.9994   |  0.4883   |  5.389    |  0.4739   |  0.6957   |  2.341    |  80.7     |  89.45    |
|  308      |  0.9996   |  0.8034   |  6.635    |  0.9503   |  0.4937   |  0.01864  |  53.94    |  211.6    |
|  309      |  0.9994   |  0.9921   |  6.729    |  0.4074   |  0.08821  |  1.72     |  53.6     |  211.4    |
|  310      |  0.9995   |  0.892    |  6.053    |  0.783    |  1.548    |  2.438    |  96.76    |  55.27    |
|  311      |  0.9994   |  0.5362   |  3.151    |  0.4703   |  0.4959   |  3.644    |  46.59    |  91.66    |
|  312      |  0.9995   |  0.6883   |  5.173    |  0.5391   |  0.03684  |  1.135    |  81.77    |  88.89    |
|  313      |  0.9995   |  0.7559   |  4.742    |  0.9722   |  1.151    |  3.325    |  44.23    |  93.44    |
|  314      |  0.9994   |  0.761    |  5.88     |  0.5831   |  1.594    |  2.392    |  53.06    |  209.3    |
|  315      |  0.9995   |  0.8116   |  1.989    |  0.8113   |  1.567    |  1.914    |  8.9      |  155.3    |
|  316      |  0.9995   |  0.5039   |  3.177    |  0.7484   |  0.8354   |  2.913    |  43.03    |  94.59    |
|  317      |  0.9994   |  0.4168   |  5.285    |  0.6937   |  3.276    |  3.981    |  53.27    |  211.3    |
|  318      |  0.9994   |  0.7093   |  3.121    |  0.5407   |  0.8675   |  1.066    |  42.8     |  93.74    |
|  319      |  0.9995   |  0.8613   |  3.729    |  0.6976   |  1.413    |  3.245    |  44.42    |  90.36    |
|  320      |  0.9995   |  0.8742   |  4.326    |  0.9585   |  2.469    |  3.707    |  43.14    |  89.63    |
|  321      |  0.9995   |  0.8552   |  4.626    |  0.7185   |  1.43     |  2.771    |  53.63    |  210.6    |
|  322      |  0.9995   |  0.463    |  4.885    |  0.8672   |  0.883    |  3.582    |  46.73    |  92.89    |
|  323      |  0.9994   |  0.5941   |  2.727    |  0.4482   |  0.9662   |  0.2504   |  8.654    |  12.28    |
|  324      |  0.9995   |  0.9242   |  4.432    |  0.8907   |  3.677    |  4.495    |  26.98    |  47.96    |
|  325      |  0.9994   |  0.8849   |  4.575    |  0.6139   |  2.663    |  3.122    |  45.68    |  92.4     |
|  326      |  0.9995   |  0.7046   |  2.308    |  0.9244   |  2.585    |  1.757    |  8.789    |  155.6    |
|  327      |  0.9995   |  0.5677   |  2.473    |  0.8117   |  2.496    |  0.4247   |  60.97    |  25.14    |
|  328      |  0.9994   |  0.853    |  2.7      |  0.4579   |  2.392    |  0.294    |  61.77    |  26.36    |
|  329      |  0.9995   |  0.9176   |  4.741    |  0.9537   |  1.129    |  0.5774   |  98.6     |  55.0     |
|  330      |  0.9995   |  0.9095   |  6.127    |  0.7103   |  4.446    |  0.9174   |  27.45    |  111.8    |
|  331      |  0.9994   |  0.4257   |  2.655    |  0.8094   |  2.897    |  1.209    |  63.03    |  28.27    |
|  332      |  0.9995   |  0.9889   |  1.851    |  0.5981   |  0.4282   |  1.735    |  61.0     |  26.22    |
|  333      |  0.9994   |  0.6119   |  3.132    |  0.4396   |  2.248    |  2.966    |  8.527    |  154.9    |
|  334      |  0.9995   |  0.6099   |  4.33     |  0.7811   |  0.4252   |  5.079    |  43.38    |  93.34    |
|  335      |  0.9994   |  0.7001   |  5.274    |  0.4885   |  1.102    |  5.265    |  43.8     |  93.07    |
|  336      |  0.9995   |  0.7267   |  2.67     |  0.8529   |  1.421    |  2.338    |  8.599    |  156.4    |
|  337      |  0.9994   |  0.55     |  3.871    |  0.5871   |  3.722    |  3.064    |  43.53    |  90.46    |
|  338      |  0.9994   |  0.4395   |  4.867    |  0.9149   |  2.257    |  2.278    |  83.09    |  91.54    |
|  339      |  0.9995   |  0.6288   |  5.638    |  0.7969   |  1.827    |  4.034    |  45.65    |  90.48    |
|  340      |  0.9995   |  0.5606   |  6.342    |  0.7287   |  1.954    |  3.351    |  82.05    |  91.04    |
|  341      |  0.9994   |  0.537    |  6.064    |  0.7369   |  2.145    |  2.416    |  97.63    |  54.42    |
|  342      |  0.9995   |  0.5989   |  3.871    |  0.7895   |  0.0234   |  3.281    |  47.12    |  93.62    |
|  343      |  0.9995   |  0.7045   |  3.769    |  0.9568   |  0.02686  |  4.729    |  42.48    |  94.03    |
|  344      |  0.9995   |  0.7894   |  4.052    |  0.844    |  0.9782   |  8.427    |  83.85    |  56.49    |
|  345      |  0.9994   |  0.603    |  4.14     |  0.469    |  2.156    |  3.925    |  45.52    |  90.4     |
|  346      |  0.9995   |  0.6926   |  2.719    |  0.6466   |  1.908    |  0.8203   |  44.09    |  93.94    |
|  347      |  0.9994   |  0.4039   |  6.945    |  0.5604   |  0.5725   |  1.005    |  82.2     |  89.56    |
|  348      |  0.9994   |  0.9999   |  2.868    |  0.4389   |  1.191    |  2.07     |  7.78     |  157.3    |
|  349      |  0.9995   |  0.5902   |  5.003    |  0.812    |  0.1063   |  5.956    |  48.79    |  46.72    |
|  350      |  0.9995   |  0.705    |  3.158    |  0.8588   |  1.921    |  1.034    |  45.51    |  94.43    |
|  351      |  0.9995   |  0.7366   |  4.726    |  0.9825   |  0.7404   |  5.912    |  59.74    |  172.9    |
|  352      |  0.9995   |  0.8904   |  4.295    |  0.5518   |  0.2302   |  0.0499   |  82.96    |  93.31    |
|  353      |  0.9994   |  0.4573   |  2.909    |  0.6537   |  0.7277   |  2.184    |  45.22    |  93.02    |
|  354      |  0.9994   |  0.4137   |  4.087    |  0.7286   |  1.801    |  0.1106   |  98.82    |  54.57    |
|  355      |  0.9994   |  0.8864   |  6.307    |  0.5343   |  1.546    |  0.9629   |  97.78    |  54.89    |
|  356      |  0.9994   |  0.4587   |  4.952    |  0.5185   |  0.7001   |  2.496    |  45.11    |  93.27    |
|  357      |  0.9995   |  0.7987   |  6.323    |  0.6331   |  0.4259   |  3.924    |  83.25    |  91.31    |
|  358      |  0.9993   |  0.6949   |  2.894    |  0.4106   |  2.912    |  3.141    |  84.98    |  46.1     |
|  359      |  0.9995   |  0.5415   |  6.721    |  0.7677   |  2.159    |  0.8209   |  53.1     |  212.5    |
|  360      |  0.9994   |  0.9112   |  1.552    |  0.402    |  0.2128   |  0.4739   |  62.7     |  26.55    |
|  361      |  0.9994   |  0.7323   |  4.9      |  0.4142   |  2.453    |  0.986    |  53.2     |  211.3    |
|  362      |  0.9994   |  0.4211   |  4.482    |  0.9028   |  1.08     |  4.086    |  59.66    |  173.8    |
|  363      |  0.9995   |  0.8003   |  4.522    |  0.8792   |  1.395    |  4.058    |  42.61    |  90.71    |
|  364      |  0.9995   |  0.7356   |  1.776    |  0.7798   |  1.797    |  1.125    |  62.65    |  28.79    |
|  365      |  0.9995   |  0.5543   |  2.834    |  0.8293   |  0.6084   |  7.136    |  76.57    |  195.6    |
|  366      |  0.9995   |  0.9011   |  4.118    |  0.9388   |  1.245    |  2.155    |  95.2     |  55.74    |
|  367      |  0.9996   |  0.9504   |  6.09     |  0.9252   |  0.7803   |  0.918    |  83.32    |  88.66    |
|  368      |  0.9994   |  0.4022   |  5.803    |  0.5795   |  2.146    |  0.6244   |  83.6     |  87.98    |
|  369      |  0.9995   |  0.9357   |  5.61     |  0.752    |  1.329    |  2.345    |  52.46    |  211.4    |
|  370      |  0.9995   |  0.6009   |  5.33     |  0.8038   |  1.981    |  2.517    |  35.07    |  70.17    |
|  371      |  0.9994   |  0.4549   |  4.171    |  0.5837   |  1.801    |  1.801    |  46.02    |  91.39    |
|  372      |  0.9994   |  0.6171   |  3.08     |  0.4001   |  1.15     |  4.502    |  43.85    |  93.84    |
|  373      |  0.9994   |  0.618    |  4.64     |  0.4829   |  1.057    |  4.003    |  52.26    |  210.3    |
|  374      |  0.9995   |  0.4973   |  4.352    |  0.6962   |  0.9504   |  3.805    |  43.5     |  90.62    |
|  375      |  0.9995   |  0.7882   |  3.778    |  0.6193   |  0.7354   |  3.237    |  45.17    |  93.2     |
|  376      |  0.9995   |  0.8655   |  4.025    |  0.7371   |  0.3493   |  3.091    |  41.36    |  94.87    |
|  377      |  0.9995   |  0.8546   |  6.616    |  0.7286   |  0.3635   |  3.82     |  45.1     |  92.35    |
|  378      |  0.9994   |  0.9991   |  5.263    |  0.5186   |  0.1026   |  6.309    |  59.89    |  172.8    |
|  379      |  0.9994   |  0.6412   |  4.065    |  0.6788   |  1.646    |  4.132    |  44.17    |  92.31    |
|  380      |  0.9994   |  0.9376   |  3.057    |  0.4513   |  1.327    |  2.256    |  96.69    |  54.97    |
|  381      |  0.9995   |  0.9327   |  2.652    |  0.7358   |  0.09092  |  6.613    |  8.852    |  120.5    |
|  382      |  0.9995   |  0.7591   |  4.056    |  0.9684   |  0.5073   |  1.653    |  99.83    |  55.29    |
|  383      |  0.9994   |  0.633    |  2.89     |  0.5495   |  1.475    |  2.468    |  62.33    |  28.59    |
|  384      |  0.9994   |  0.5977   |  2.473    |  0.6593   |  1.969    |  2.899    |  6.478    |  156.4    |
|  385      |  0.9995   |  0.8721   |  5.346    |  0.6853   |  0.8101   |  3.631    |  42.78    |  92.28    |
|  386      |  0.9994   |  0.8811   |  5.238    |  0.4343   |  0.4505   |  4.794    |  46.63    |  94.14    |
|  387      |  0.9995   |  0.592    |  2.972    |  0.7574   |  0.9142   |  5.279    |  9.841    |  121.3    |
|  388      |  0.9995   |  0.85     |  6.315    |  0.6522   |  0.6737   |  1.936    |  83.34    |  91.2     |
|  389      |  0.9995   |  0.9249   |  4.435    |  0.9758   |  1.978    |  0.7907   |  94.18    |  55.21    |
|  390      |  0.9995   |  0.631    |  2.092    |  0.9554   |  0.8802   |  0.3069   |  62.74    |  25.27    |
|  391      |  0.9995   |  0.7687   |  2.602    |  0.6227   |  0.3799   |  5.832    |  78.65    |  194.9    |
|  392      |  0.9995   |  0.9766   |  3.002    |  0.992    |  4.217    |  4.47     |  86.22    |  46.09    |
|  393      |  0.9994   |  0.46     |  4.565    |  0.4888   |  0.05154  |  3.242    |  53.09    |  212.1    |
|  394      |  0.9995   |  0.4702   |  6.55     |  0.9785   |  0.6373   |  1.063    |  54.04    |  211.2    |
|  395      |  0.9995   |  0.4748   |  4.726    |  0.8944   |  0.009045 |  2.833    |  45.33    |  91.58    |
|  396      |  0.9995   |  0.5013   |  3.027    |  0.8096   |  0.4416   |  0.2264   |  82.97    |  94.9     |
|  397      |  0.9994   |  0.5431   |  2.264    |  0.5208   |  1.175    |  4.146    |  9.184    |  156.6    |
|  398      |  0.9994   |  0.8401   |  4.844    |  0.4542   |  0.7037   |  2.331    |  42.27    |  91.88    |
|  399      |  0.9995   |  0.9624   |  3.859    |  0.9233   |  1.309    |  6.508    |  77.99    |  196.0    |
|  400      |  0.9994   |  0.9791   |  2.952    |  0.5546   |  2.282    |  1.811    |  46.44    |  95.06    |
|  401      |  0.9995   |  0.6498   |  5.451    |  0.8931   |  1.776    |  3.163    |  46.88    |  91.55    |
|  402      |  0.9994   |  0.7456   |  6.073    |  0.4799   |  0.569    |  1.319    |  83.01    |  88.34    |
|  403      |  0.9995   |  0.7329   |  5.195    |  0.8651   |  1.273    |  3.871    |  44.7     |  93.61    |
|  404      |  0.9995   |  0.9398   |  5.816    |  0.616    |  1.36     |  3.493    |  42.39    |  90.65    |
|  405      |  0.9994   |  0.7113   |  4.078    |  0.4609   |  0.855    |  2.121    |  99.63    |  56.14    |
|  406      |  0.9994   |  0.798    |  3.801    |  0.5542   |  0.2573   |  6.684    |  78.79    |  196.9    |
|  407      |  0.9995   |  0.9275   |  1.628    |  0.9221   |  1.248    |  6.423    |  9.565    |  121.3    |
|  408      |  0.9995   |  0.6518   |  5.226    |  0.6981   |  1.222    |  2.992    |  43.3     |  90.59    |
|  409      |  0.9995   |  0.8237   |  2.288    |  0.6561   |  1.722    |  1.245    |  62.36    |  28.16    |
|  410      |  0.9995   |  0.8157   |  1.323    |  0.8509   |  2.752    |  5.252    |  9.81     |  121.6    |
|  411      |  0.9994   |  0.4472   |  2.906    |  0.8808   |  2.082    |  4.572    |  8.791    |  120.9    |
|  412      |  0.9994   |  0.916    |  5.55     |  0.5447   |  2.0      |  4.013    |  83.96    |  90.46    |
|  413      |  0.9995   |  0.6871   |  2.345    |  0.7521   |  1.014    |  5.456    |  7.318    |  119.9    |
|  414      |  0.9995   |  0.5936   |  4.564    |  0.8503   |  0.2316   |  2.534    |  95.72    |  56.13    |
|  415      |  0.9995   |  0.9889   |  1.543    |  0.9581   |  0.4905   |  7.754    |  77.63    |  194.7    |
|  416      |  0.9994   |  0.4524   |  2.162    |  0.8923   |  1.865    |  7.339    |  78.52    |  197.3    |
|  417      |  0.9994   |  0.5455   |  6.016    |  0.4686   |  0.005591 |  0.2561   |  53.54    |  210.4    |
|  418      |  0.9994   |  0.4675   |  3.456    |  0.475    |  1.56     |  1.465    |  44.85    |  94.81    |
|  419      |  0.9995   |  0.5126   |  4.098    |  0.8745   |  0.5623   |  4.413    |  41.87    |  93.35    |
|  420      |  0.9995   |  0.7713   |  3.034    |  0.6848   |  1.187    |  2.279    |  61.92    |  26.31    |
|  421      |  0.9994   |  0.7247   |  5.154    |  0.511    |  0.7044   |  4.306    |  45.78    |  91.24    |
|  422      |  0.9993   |  0.5295   |  1.908    |  0.5173   |  1.184    |  6.193    |  78.1     |  196.4    |
|  423      |  0.9995   |  0.5183   |  3.064    |  0.7419   |  0.7023   |  3.448    |  40.31    |  95.85    |
|  424      |  0.9995   |  0.7591   |  2.833    |  0.5493   |  1.56     |  0.03526  |  45.3     |  93.8     |
|  425      |  0.9995   |  0.6111   |  4.588    |  0.6944   |  0.9909   |  4.329    |  43.01    |  89.4     |
|  426      |  0.9996   |  0.9853   |  4.486    |  0.9675   |  0.3368   |  0.5105   |  82.14    |  93.86    |
|  427      |  0.9995   |  0.844    |  4.227    |  0.9056   |  1.142    |  1.159    |  96.16    |  55.76    |
|  428      |  0.9995   |  0.9864   |  6.142    |  0.9118   |  1.106    |  1.206    |  85.17    |  89.35    |
|  429      |  0.9995   |  0.7546   |  1.166    |  0.8627   |  1.012    |  1.349    |  60.73    |  27.9     |
|  430      |  0.9994   |  0.7401   |  3.511    |  0.5157   |  0.6918   |  4.819    |  42.91    |  89.74    |
|  431      |  0.9994   |  0.7078   |  4.417    |  0.52     |  0.04557  |  0.7345   |  83.23    |  95.16    |
|  432      |  0.9995   |  0.5228   |  1.876    |  0.9285   |  0.7575   |  5.723    |  9.985    |  118.6    |
|  433      |  0.9994   |  0.4653   |  3.416    |  0.5593   |  0.9932   |  1.617    |  99.61    |  55.13    |
|  434      |  0.9995   |  0.6781   |  3.422    |  0.9282   |  1.162    |  4.943    |  42.15    |  93.51    |
|  435      |  0.9995   |  0.9661   |  4.704    |  0.6298   |  0.3841   |  0.9356   |  81.94    |  93.62    |
|  436      |  0.9996   |  0.9881   |  6.224    |  0.9525   |  0.1588   |  0.9286   |  97.58    |  55.22    |
|  437      |  0.9995   |  0.7443   |  6.108    |  0.8098   |  0.9788   |  1.74     |  55.1     |  211.2    |
|  438      |  0.9995   |  0.4459   |  5.501    |  0.724    |  0.1111   |  1.091    |  53.98    |  212.9    |
|  439      |  0.9995   |  0.9984   |  3.045    |  0.7405   |  0.9655   |  1.137    |  44.13    |  92.94    |
|  440      |  0.9995   |  0.7592   |  3.016    |  0.7502   |  0.9503   |  1.262    |  82.74    |  94.92    |
|  441      |  0.9995   |  0.6356   |  6.032    |  0.8166   |  0.5417   |  4.073    |  42.98    |  90.62    |
|  442      |  0.9994   |  0.6556   |  3.283    |  0.8092   |  5.36     |  4.679    |  85.65    |  46.13    |
|  443      |  0.9995   |  0.793    |  1.636    |  0.9521   |  0.4139   |  7.385    |  76.79    |  194.4    |
|  444      |  0.9995   |  0.8451   |  2.603    |  0.8521   |  0.496    |  2.98     |  10.36    |  155.8    |
|  445      |  0.9994   |  0.7508   |  3.214    |  0.4487   |  0.8672   |  4.352    |  94.41    |  170.2    |
|  446      |  0.9995   |  0.5247   |  2.848    |  0.7004   |  0.3427   |  0.8691   |  81.37    |  95.8     |
|  447      |  0.9995   |  0.4025   |  5.819    |  0.7751   |  0.2728   |  0.6656   |  85.04    |  90.59    |
|  448      |  0.9995   |  0.8261   |  5.868    |  0.7527   |  2.254    |  3.282    |  52.69    |  212.6    |
|  449      |  0.9994   |  0.6954   |  5.36     |  0.4908   |  0.2395   |  0.65     |  96.0     |  53.9     |
|  450      |  0.9995   |  0.7024   |  6.318    |  0.8704   |  0.8961   |  1.357    |  97.18    |  55.63    |
|  451      |  0.9994   |  0.8125   |  1.608    |  0.5303   |  0.3839   |  7.906    |  13.42    |  205.1    |
|  452      |  0.9994   |  0.5437   |  4.881    |  0.7549   |  2.398    |  3.018    |  42.89    |  91.0     |
|  453      |  0.9995   |  0.67     |  3.117    |  0.8526   |  0.4008   |  2.391    |  59.66    |  26.72    |
|  454      |  0.9995   |  0.8918   |  2.392    |  0.7925   |  1.399    |  4.957    |  9.457    |  121.0    |
|  455      |  0.9995   |  0.8834   |  2.248    |  0.9759   |  0.5709   |  1.247    |  44.6     |  92.19    |
|  456      |  0.9994   |  0.5066   |  5.822    |  0.5142   |  0.8482   |  0.1961   |  83.96    |  88.32    |
|  457      |  0.9995   |  0.9684   |  2.707    |  0.6405   |  0.2896   |  2.825    |  9.938    |  154.6    |
|  458      |  0.9994   |  0.9109   |  6.175    |  0.6096   |  2.028    |  1.277    |  85.09    |  91.15    |
|  459      |  0.9995   |  0.7394   |  3.756    |  0.8339   |  0.2435   |  0.8699   |  81.51    |  94.45    |
|  460      |  0.9995   |  0.6115   |  4.282    |  0.6981   |  1.946    |  3.716    |  47.24    |  90.88    |
|  461      |  0.9995   |  0.4936   |  1.534    |  0.7993   |  2.111    |  1.488    |  9.361    |  155.8    |
|  462      |  0.9995   |  0.8163   |  3.605    |  0.7276   |  0.8248   |  1.482    |  44.58    |  90.49    |
|  463      |  0.9995   |  0.5848   |  4.717    |  0.6993   |  0.3499   |  5.175    |  41.31    |  93.98    |
|  464      |  0.9994   |  0.8048   |  2.574    |  0.5897   |  0.8468   |  2.023    |  61.07    |  27.08    |
|  465      |  0.9995   |  0.8116   |  4.127    |  0.6435   |  0.6105   |  2.115    |  81.34    |  93.28    |
|  466      |  0.9995   |  0.7474   |  2.686    |  0.9421   |  0.823    |  0.6614   |  61.79    |  24.77    |
|  467      |  0.9995   |  0.8553   |  1.808    |  0.739    |  0.7722   |  4.959    |  8.836    |  119.3    |
|  468      |  0.9995   |  0.9248   |  2.963    |  0.8433   |  0.2895   |  2.769    |  10.74    |  156.9    |
|  469      |  0.9995   |  0.4077   |  4.099    |  0.9765   |  0.8123   |  3.05     |  40.48    |  95.79    |
|  470      |  0.9995   |  0.755    |  1.239    |  0.6971   |  0.6325   |  1.362    |  61.38    |  27.09    |
|  471      |  0.9995   |  0.9024   |  2.851    |  0.84     |  2.325    |  7.056    |  77.45    |  195.1    |
|  472      |  0.9995   |  0.6642   |  2.08     |  0.7161   |  1.535    |  2.181    |  10.78    |  155.1    |
|  473      |  0.9995   |  0.6452   |  2.219    |  0.816    |  0.2791   |  4.06     |  41.66    |  94.75    |
|  474      |  0.9994   |  0.5581   |  1.746    |  0.5021   |  0.5514   |  2.833    |  40.69    |  95.56    |
|  475      |  0.9995   |  0.9423   |  4.155    |  0.8263   |  0.3911   |  4.843    |  41.87    |  94.76    |
|  476      |  0.9995   |  0.4328   |  5.856    |  0.8627   |  1.335    |  0.6279   |  86.61    |  90.8     |
|  477      |  0.9995   |  0.911    |  4.622    |  0.9061   |  0.4103   |  0.5403   |  85.89    |  88.65    |
|  478      |  0.9995   |  0.6882   |  3.952    |  0.6366   |  0.3428   |  1.016    |  82.39    |  144.0    |
|  479      |  0.9995   |  0.7688   |  2.156    |  0.7056   |  0.502    |  2.298    |  9.58     |  12.77    |
|  480      |  0.9993   |  0.4397   |  2.764    |  0.4868   |  1.4      |  7.639    |  9.543    |  120.5    |
|  481      |  0.9995   |  0.942    |  2.918    |  0.7659   |  2.31     |  2.805    |  44.2     |  93.33    |
|  482      |  0.9994   |  0.8565   |  6.701    |  0.4482   |  0.009101 |  2.552    |  84.94    |  88.37    |
|  483      |  0.9994   |  0.5648   |  4.233    |  0.441    |  0.009422 |  2.217    |  10.02    |  12.97    |
|  484      |  0.9995   |  0.4213   |  3.963    |  0.9165   |  0.4682   |  0.605    |  85.57    |  89.76    |
|  485      |  0.9995   |  0.6453   |  2.477    |  0.9542   |  0.9567   |  1.426    |  43.83    |  90.57    |
|  486      |  0.9994   |  0.6942   |  6.248    |  0.5844   |  1.384    |  0.5086   |  94.99    |  55.06    |
|  487      |  0.9995   |  0.6213   |  3.385    |  0.9966   |  0.4805   |  3.33     |  10.49    |  156.6    |
|  488      |  0.9994   |  0.642    |  6.834    |  0.5019   |  1.279    |  2.365    |  95.78    |  54.46    |
|  489      |  0.9995   |  0.695    |  4.681    |  0.7873   |  0.8844   |  0.05931  |  96.0     |  55.72    |
|  490      |  0.9994   |  0.7173   |  2.718    |  0.412    |  1.072    |  0.6309   |  82.04    |  144.2    |
|  491      |  0.9995   |  0.936    |  1.868    |  0.9226   |  0.1667   |  1.352    |  45.5     |  93.37    |
|  492      |  0.9994   |  0.761    |  4.147    |  0.5915   |  0.7615   |  2.56     |  44.71    |  92.12    |
|  493      |  0.9994   |  0.5225   |  6.907    |  0.4377   |  1.159    |  0.6488   |  53.14    |  212.0    |
|  494      |  0.9994   |  0.6028   |  2.881    |  0.6062   |  0.354    |  1.711    |  81.95    |  145.9    |
|  495      |  0.9995   |  0.9135   |  2.743    |  0.973    |  1.009    |  0.8444   |  81.23    |  95.71    |
|  496      |  0.9995   |  0.9801   |  2.3      |  0.6683   |  0.6816   |  6.243    |  9.221    |  122.1    |
|  497      |  0.9994   |  0.4652   |  4.291    |  0.9404   |  1.702    |  7.584    |  77.95    |  194.3    |
|  498      |  0.9995   |  0.5298   |  6.409    |  0.8097   |  1.103    |  3.371    |  52.33    |  212.8    |
|  499      |  0.9995   |  0.7154   |  1.518    |  0.7176   |  1.09     |  5.147    |  8.688    |  121.4    |
|  500      |  0.9994   |  0.5263   |  4.182    |  0.674    |  2.171    |  0.7481   |  93.13    |  56.7     |
|  501      |  0.9994   |  0.827    |  3.415    |  0.522    |  0.2129   |  1.759    |  82.11    |  95.41    |
|  502      |  0.9995   |  0.9414   |  4.81     |  0.9852   |  2.184    |  2.775    |  95.7     |  56.39    |
|  503      |  0.9995   |  0.5352   |  4.577    |  0.9764   |  0.8575   |  5.049    |  42.91    |  95.29    |
|  504      |  0.9995   |  0.8152   |  4.416    |  0.7698   |  0.1082   |  0.9129   |  43.75    |  89.85    |
|  505      |  0.9995   |  0.8679   |  2.587    |  0.8455   |  0.6796   |  2.361    |  42.54    |  88.92    |
|  506      |  0.9994   |  0.4355   |  2.66     |  0.6666   |  1.474    |  1.445    |  63.14    |  23.93    |
|  507      |  0.9994   |  0.6717   |  3.082    |  0.565    |  1.055    |  1.706    |  58.8     |  27.85    |
|  508      |  0.9995   |  0.8474   |  3.144    |  0.829    |  0.01802  |  2.456    |  11.98    |  156.9    |
|  509      |  0.9994   |  0.5077   |  4.456    |  0.6802   |  1.52     |  0.4744   |  81.03    |  95.23    |
|  510      |  0.9994   |  0.6962   |  1.92     |  0.454    |  0.349    |  2.179    |  59.02    |  26.98    |
|  511      |  0.9995   |  0.4658   |  3.391    |  0.6433   |  0.09828  |  0.001851 |  44.72    |  92.25    |
|  512      |  0.9993   |  0.4442   |  3.13     |  0.4129   |  1.587    |  1.542    |  43.17    |  88.28    |
|  513      |  0.9995   |  0.5732   |  5.02     |  0.8336   |  0.3697   |  2.603    |  94.65    |  54.68    |
|  514      |  0.9994   |  0.8636   |  3.113    |  0.4746   |  2.301    |  3.406    |  41.91    |  93.74    |
|  515      |  0.9995   |  0.8937   |  5.384    |  0.6377   |  0.1795   |  1.037    |  84.39    |  91.1     |
|  516      |  0.9995   |  0.9854   |  4.777    |  0.9575   |  0.1282   |  2.583    |  93.98    |  56.11    |
|  517      |  0.9994   |  0.5254   |  5.693    |  0.5909   |  0.1179   |  1.802    |  93.38    |  57.07    |
|  518      |  0.9995   |  0.8162   |  1.987    |  0.7772   |  0.04102  |  3.661    |  11.07    |  156.2    |
|  519      |  0.9994   |  0.9212   |  1.984    |  0.589    |  0.2794   |  6.624    |  77.65    |  194.4    |
|  520      |  0.9994   |  0.7045   |  5.721    |  0.4759   |  0.8411   |  0.3308   |  86.14    |  89.22    |
|  521      |  0.9995   |  0.7029   |  3.913    |  0.9431   |  2.74     |  0.8168   |  93.3     |  53.8     |
|  522      |  0.9995   |  0.9464   |  4.405    |  0.8438   |  0.1558   |  1.774    |  85.19    |  87.98    |
|  523      |  0.9995   |  0.789    |  6.722    |  0.8979   |  1.896    |  3.814    |  54.27    |  210.6    |
|  524      |  0.9995   |  0.5743   |  5.608    |  0.6641   |  0.4822   |  1.412    |  96.86    |  56.35    |
|  525      |  0.9995   |  0.6295   |  4.052    |  0.8162   |  0.9115   |  0.1258   |  82.03    |  95.34    |
|  526      |  0.9994   |  0.8794   |  1.648    |  0.5965   |  0.5254   |  7.668    |  75.6     |  194.7    |
|  527      |  0.9995   |  0.5041   |  2.376    |  0.562    |  0.3808   |  0.5434   |  43.02    |  89.27    |
|  528      |  0.9994   |  0.4639   |  2.8      |  0.499    |  1.019    |  2.442    |  9.695    |  154.8    |
|  529      |  0.9995   |  0.427    |  2.499    |  0.9004   |  0.879    |  4.909    |  12.73    |  156.1    |
|  530      |  0.9995   |  0.569    |  1.704    |  0.7078   |  0.1045   |  1.133    |  81.22    |  95.6     |
|  531      |  0.9995   |  0.9945   |  3.881    |  0.6697   |  1.331    |  3.423    |  41.53    |  95.18    |
|  532      |  0.9994   |  0.6812   |  5.803    |  0.447    |  0.08101  |  1.667    |  99.47    |  53.96    |
|  533      |  0.9995   |  0.6672   |  5.159    |  0.614    |  0.1522   |  0.4951   |  81.83    |  92.82    |
|  534      |  0.9995   |  0.9088   |  1.909    |  0.8689   |  0.4863   |  3.035    |  11.14    |  157.3    |
|  535      |  0.9995   |  0.7765   |  2.104    |  0.6817   |  1.002    |  1.888    |  44.32    |  93.65    |
|  536      |  0.9994   |  0.5844   |  5.963    |  0.4036   |  1.077    |  2.543    |  45.63    |  90.77    |
|  537      |  0.9994   |  0.8193   |  5.434    |  0.4013   |  2.3      |  4.054    |  44.01    |  89.62    |
|  538      |  0.9995   |  0.6384   |  1.704    |  0.9949   |  0.02333  |  5.442    |  8.118    |  119.4    |
|  539      |  0.9995   |  0.9643   |  2.046    |  0.8644   |  1.112    |  0.2649   |  80.86    |  95.28    |
|  540      |  0.9995   |  0.7601   |  2.452    |  0.7785   |  0.522    |  1.592    |  44.63    |  91.37    |
|  541      |  0.9995   |  0.8273   |  1.44     |  0.7735   |  1.423    |  2.657    |  9.906    |  156.4    |
|  542      |  0.9994   |  0.8889   |  4.074    |  0.4727   |  1.432    |  1.424    |  82.9     |  94.13    |
|  543      |  0.9994   |  0.6999   |  4.657    |  0.432    |  0.6372   |  1.425    |  94.14    |  55.26    |
|  544      |  0.9995   |  0.7591   |  2.651    |  0.9716   |  4.039    |  1.876    |  8.075    |  156.2    |
|  545      |  0.9994   |  0.6637   |  3.603    |  0.4338   |  0.6269   |  0.1782   |  45.83    |  93.55    |
|  546      |  0.9995   |  0.7193   |  2.649    |  0.9995   |  0.84     |  2.019    |  10.83    |  157.5    |
|  547      |  0.9995   |  0.6582   |  3.779    |  0.8459   |  0.3312   |  1.752    |  87.19    |  88.08    |
|  548      |  0.9994   |  0.8622   |  2.718    |  0.4204   |  0.04579  |  3.396    |  8.75     |  121.0    |
|  549      |  0.9994   |  0.6644   |  4.179    |  0.5308   |  0.7405   |  3.528    |  48.59    |  46.46    |
|  550      |  0.9994   |  0.9936   |  2.936    |  0.4129   |  1.647    |  1.38     |  11.13    |  158.1    |
=============================================================================================================

BEST HYPERPARAMETERS:
|  426      |  0.9996   |  0.9853   |  4.486    |  0.9675   |  0.3368   |  0.5105   |  82.14    |  93.86    |