HYPERPARAMETERS OF EACH ITERATION:
|   iter    |  target   | baggin... | baggin... | featur... | lambda_l1 | lambda_l2 | min_ch... | num_le... |
-------------------------------------------------------------------------------------------------------------
|  1        |  0.994    |  0.6247   |  6.704    |  0.8392   |  5.987    |  1.56     |  19.82    |  16.75    |
|  2        |  0.9941   |  0.9197   |  4.607    |  0.8248   |  0.2058   |  9.699    |  84.08    |  55.93    |
|  3        |  0.9935   |  0.5091   |  2.1      |  0.5825   |  5.248    |  4.319    |  32.67    |  157.4    |
|  4        |  0.9935   |  0.4837   |  2.753    |  0.6198   |  4.561    |  7.852    |  23.97    |  132.6    |
|  5        |  0.9941   |  0.7554   |  1.279    |  0.7645   |  1.705    |  0.6505   |  95.14    |  247.3    |
|  6        |  0.9908   |  0.885    |  2.828    |  0.4586   |  6.842    |  4.402    |  16.59    |  127.8    |
|  7        |  0.9934   |  0.4206   |  6.456    |  0.5553   |  6.625    |  3.117    |  54.41    |  140.9    |
|  8        |  0.9938   |  0.5109   |  6.818    |  0.8651   |  9.395    |  8.948    |  61.8     |  236.2    |
|  9        |  0.9905   |  0.4531   |  2.176    |  0.4271   |  3.253    |  3.887    |  30.78    |  212.5    |
|  10       |  0.9936   |  0.6141   |  2.686    |  0.7256   |  1.409    |  8.022    |  12.08    |  252.7    |
|  11       |  0.9905   |  0.8633   |  2.192    |  0.4033   |  8.155    |  7.069    |  74.26    |  197.9    |
|  12       |  0.9897   |  0.4444   |  3.151    |  0.4695   |  8.631    |  6.233    |  36.44    |  18.14    |
|  13       |  0.9939   |  0.5866   |  2.951    |  0.8378   |  6.376    |  8.872    |  49.86    |  32.38    |
|  14       |  0.9935   |  0.8279   |  5.565    |  0.7368   |  7.71     |  4.938    |  54.66    |  110.6    |
|  15       |  0.9898   |  0.4153   |  1.647    |  0.4189   |  6.364    |  3.144    |  53.31    |  232.5    |
|  16       |  0.9941   |  0.5496   |  3.462    |  0.8533   |  2.288    |  0.7698   |  32.53    |  42.95    |
|  17       |  0.994    |  0.9578   |  5.849    |  0.78     |  8.715    |  8.037    |  22.72    |  228.7    |
|  18       |  0.9941   |  0.7236   |  5.845    |  0.9377   |  3.18     |  1.101    |  26.65    |  110.5    |
|  19       |  0.9908   |  0.8908   |  6.164    |  0.4042   |  5.107    |  4.174    |  26.1     |  32.45    |
|  20       |  0.9935   |  0.6026   |  6.657    |  0.5939   |  5.188    |  7.03     |  39.54    |  248.8    |
|  21       |  0.9937   |  0.9775   |  2.511    |  0.6983   |  3.009    |  2.848    |  8.504    |  156.8    |
|  22       |  0.9935   |  0.7016   |  1.309    |  0.5672   |  9.083    |  2.396    |  18.77    |  126.3    |
|  23       |  0.994    |  0.9914   |  2.452    |  0.8033   |  7.616    |  2.376    |  74.18    |  95.42    |
|  24       |  0.9936   |  0.7794   |  4.801    |  0.7215   |  0.9029   |  8.353    |  35.47    |  49.38    |
|  25       |  0.9941   |  0.4245   |  4.545    |  0.8065   |  0.1659   |  5.121    |  26.52    |  165.9    |
|  26       |  0.9934   |  0.5046   |  5.146    |  0.632    |  9.367    |  1.375    |  37.4     |  30.82    |
|  27       |  0.9936   |  0.9548   |  6.264    |  0.5548   |  6.6      |  8.172    |  57.74    |  136.5    |
|  28       |  0.9938   |  0.5451   |  1.559    |  0.9383   |  9.004    |  6.331    |  37.21    |  90.7     |
|  29       |  0.994    |  0.8356   |  6.383    |  0.9323   |  7.799    |  6.42     |  12.99    |  43.05    |
|  30       |  0.9911   |  0.9391   |  4.639    |  0.4055   |  1.015    |  6.635    |  5.481    |  42.85    |
|  31       |  0.9941   |  0.7292   |  5.151    |  0.7912   |  2.243    |  7.122    |  27.54    |  84.65    |
|  32       |  0.994    |  0.8479   |  4.898    |  0.9095   |  6.576    |  5.683    |  13.9     |  95.4     |
|  33       |  0.9939   |  0.5591   |  2.464    |  0.9838   |  3.931    |  8.92     |  64.96    |  203.9    |
|  34       |  0.9927   |  0.7016   |  4.461    |  0.6955   |  1.952    |  7.225    |  31.67    |  8.176    |
|  35       |  0.9926   |  0.7873   |  2.063    |  0.9643   |  9.539    |  9.149    |  40.17    |  5.926    |
|  36       |  0.994    |  0.957    |  3.569    |  0.98     |  9.636    |  8.53     |  32.97    |  99.81    |
|  37       |  0.9935   |  0.9107   |  2.902    |  0.5017   |  5.568    |  9.362    |  71.12    |  146.8    |
|  38       |  0.994    |  0.4583   |  4.69     |  0.994    |  1.401    |  5.183    |  88.35    |  190.2    |
|  39       |  0.9936   |  0.8182   |  5.215    |  0.6157   |  2.936    |  8.094    |  81.96    |  222.2    |
|  40       |  0.9935   |  0.9479   |  4.068    |  0.7009   |  7.983    |  6.5      |  71.69    |  204.1    |
|  41       |  0.9937   |  0.934    |  3.028    |  0.6253   |  0.9398   |  5.783    |  8.415    |  120.3    |
|  42       |  0.9942   |  0.7256   |  2.719    |  0.7545   |  0.305    |  0.3735   |  83.15    |  93.49    |
|  43       |  0.994    |  0.4762   |  4.133    |  0.862    |  2.158    |  6.229    |  13.11    |  15.13    |
|  44       |  0.9939   |  0.7188   |  4.244    |  0.7825   |  7.261    |  9.759    |  54.05    |  84.03    |
|  45       |  0.9937   |  0.8771   |  2.625    |  0.6634   |  0.7846   |  0.2535   |  96.45    |  214.3    |
|  46       |  0.9936   |  0.8176   |  3.454    |  0.504    |  1.564    |  2.502    |  57.18    |  183.5    |
|  47       |  0.994    |  0.7961   |  2.68     |  0.9729   |  7.379    |  5.544    |  63.11    |  108.6    |
|  48       |  0.9941   |  0.5486   |  3.136    |  0.8547   |  0.1439   |  1.161    |  9.37     |  12.35    |
|  49       |  0.9937   |  0.9133   |  5.222    |  0.6845   |  0.9783   |  4.916    |  49.98    |  45.99    |
|  50       |  0.994    |  0.6603   |  3.391    |  0.7695   |  6.351    |  0.453    |  40.59    |  161.0    |
|  51       |  0.9933   |  0.4562   |  3.368    |  0.6869   |  6.721    |  6.54     |  91.1     |  215.0    |
|  52       |  0.9938   |  0.4386   |  1.654    |  0.9378   |  8.499    |  7.519    |  31.5     |  128.4    |
|  53       |  0.994    |  0.6554   |  3.045    |  0.9429   |  4.725    |  9.426    |  33.24    |  174.8    |
|  54       |  0.994    |  0.9991   |  1.307    |  0.8695   |  7.423    |  7.924    |  38.18    |  120.0    |
|  55       |  0.9937   |  0.7336   |  6.422    |  0.7971   |  2.305    |  9.661    |  42.63    |  9.026    |
|  56       |  0.994    |  0.8855   |  2.156    |  0.9105   |  6.51     |  6.631    |  9.864    |  108.4    |
|  57       |  0.994    |  0.8258   |  4.789    |  0.8811   |  6.739    |  8.448    |  25.48    |  245.8    |
|  58       |  0.9938   |  0.4715   |  6.702    |  0.981    |  9.533    |  9.249    |  27.46    |  109.0    |
|  59       |  0.9941   |  0.9858   |  5.199    |  0.9417   |  4.447    |  4.08     |  27.84    |  47.48    |
|  60       |  0.9935   |  0.657    |  2.964    |  0.7105   |  9.814    |  0.1684   |  89.61    |  133.9    |
|  61       |  0.9934   |  0.4039   |  3.898    |  0.5745   |  5.863    |  5.109    |  20.17    |  247.5    |
|  62       |  0.9942   |  0.8666   |  5.286    |  0.7591   |  0.26     |  4.421    |  59.09    |  173.6    |
|  63       |  0.99     |  0.6024   |  6.795    |  0.4568   |  4.716    |  9.729    |  60.35    |  200.8    |
|  64       |  0.994    |  0.7695   |  2.554    |  0.9049   |  5.583    |  8.138    |  50.04    |  32.92    |
|  65       |  0.9939   |  0.5231   |  5.007    |  0.8048   |  3.034    |  2.934    |  10.86    |  11.99    |
|  66       |  0.9941   |  0.8584   |  2.929    |  0.8459   |  3.889    |  1.406    |  29.92    |  47.54    |
|  67       |  0.9936   |  0.7732   |  2.336    |  0.5759   |  6.568    |  3.929    |  32.1     |  44.49    |
|  68       |  0.9903   |  0.4154   |  4.191    |  0.4851   |  2.544    |  2.133    |  34.59    |  47.14    |
|  69       |  0.9936   |  0.7162   |  2.36     |  0.5979   |  3.007    |  2.835    |  27.65    |  47.25    |
|  70       |  0.9936   |  0.7463   |  1.921    |  0.7111   |  2.211    |  0.6447   |  80.68    |  93.39    |
|  71       |  0.9941   |  0.8939   |  2.714    |  0.9024   |  1.051    |  4.195    |  11.56    |  12.41    |
|  72       |  0.994    |  0.5689   |  2.702    |  0.9963   |  4.558    |  0.7814   |  28.76    |  43.02    |
|  73       |  0.9935   |  0.9724   |  4.33     |  0.723    |  0.5328   |  3.491    |  9.102    |  15.54    |
|  74       |  0.9941   |  0.7576   |  5.154    |  0.877    |  2.05     |  2.604    |  28.21    |  42.91    |
|  75       |  0.9932   |  0.9924   |  4.543    |  0.5243   |  3.406    |  3.787    |  16.25    |  11.98    |
|  76       |  0.9939   |  0.5472   |  6.012    |  0.7607   |  7.839    |  0.4959   |  30.04    |  45.31    |
|  77       |  0.9908   |  0.4789   |  2.006    |  0.468    |  1.793    |  3.702    |  29.33    |  41.21    |
|  78       |  0.9936   |  0.4385   |  6.251    |  0.6284   |  1.976    |  0.8058   |  26.46    |  43.68    |
|  79       |  0.994    |  0.5482   |  3.936    |  0.7875   |  6.527    |  1.093    |  26.93    |  45.94    |
|  80       |  0.991    |  0.8422   |  6.586    |  0.4158   |  2.637    |  3.573    |  29.64    |  45.46    |
|  81       |  0.9941   |  0.7684   |  5.894    |  0.8939   |  4.488    |  3.658    |  25.75    |  48.84    |
|  82       |  0.9935   |  0.4188   |  5.953    |  0.6453   |  5.639    |  0.6645   |  26.41    |  48.8     |
|  83       |  0.9911   |  0.8945   |  4.505    |  0.4865   |  3.525    |  5.065    |  26.39    |  48.47    |
|  84       |  0.9908   |  0.8529   |  2.71     |  0.4005   |  4.493    |  8.287    |  32.26    |  173.6    |
|  85       |  0.9934   |  0.5143   |  6.684    |  0.6322   |  8.787    |  1.479    |  29.57    |  45.25    |
|  86       |  0.9937   |  0.9358   |  2.272    |  0.6601   |  3.401    |  0.8038   |  30.46    |  48.08    |
|  87       |  0.9939   |  0.5767   |  2.842    |  0.9391   |  7.11     |  8.504    |  49.48    |  33.83    |
|  88       |  0.9939   |  0.5408   |  5.706    |  0.7718   |  7.883    |  6.055    |  13.81    |  43.09    |
|  89       |  0.9936   |  0.5709   |  2.133    |  0.7378   |  4.595    |  1.695    |  28.87    |  48.05    |
|  90       |  0.994    |  0.5561   |  6.079    |  0.9185   |  5.463    |  3.529    |  24.63    |  47.65    |
|  91       |  0.9939   |  0.4936   |  3.61     |  0.9456   |  1.732    |  1.91     |  10.58    |  10.22    |
|  92       |  0.9932   |  0.4287   |  3.582    |  0.5501   |  2.408    |  0.5173   |  10.03    |  11.05    |
|  93       |  0.994    |  0.6071   |  2.416    |  0.8903   |  4.665    |  1.726    |  28.79    |  45.53    |
|  94       |  0.9934   |  0.5912   |  2.06     |  0.6361   |  0.9182   |  1.467    |  9.295    |  14.16    |
|  95       |  0.9937   |  0.9226   |  2.59     |  0.5067   |  4.137    |  0.09386  |  28.11    |  44.46    |
|  96       |  0.9939   |  0.7778   |  3.641    |  0.8609   |  2.657    |  4.114    |  12.92    |  10.96    |
|  97       |  0.9932   |  0.8814   |  4.466    |  0.717    |  0.08861  |  4.105    |  11.0     |  11.88    |
|  98       |  0.9932   |  0.8404   |  2.341    |  0.5604   |  2.332    |  3.488    |  11.67    |  11.7     |
|  99       |  0.99     |  0.412    |  3.311    |  0.4001   |  5.165    |  3.159    |  28.08    |  47.0     |
|  100      |  0.9941   |  0.5888   |  4.472    |  0.9685   |  2.351    |  0.8583   |  32.55    |  42.45    |
|  101      |  0.9941   |  0.553    |  4.986    |  0.8245   |  1.139    |  1.603    |  28.2     |  43.75    |
|  102      |  0.9936   |  0.9099   |  1.539    |  0.5686   |  6.887    |  4.889    |  9.834    |  108.0    |
|  103      |  0.9936   |  0.5271   |  1.042    |  0.5949   |  3.672    |  0.9265   |  95.6     |  246.8    |
|  104      |  0.9941   |  0.8122   |  1.768    |  0.7526   |  2.143    |  1.703    |  94.4     |  247.4    |
|  105      |  0.994    |  0.7429   |  5.453    |  0.8607   |  8.675    |  7.577    |  20.97    |  228.6    |
|  106      |  0.9937   |  0.9599   |  3.023    |  0.7011   |  2.392    |  0.8792   |  30.16    |  45.83    |
|  107      |  0.9941   |  0.8812   |  5.893    |  0.7989   |  1.677    |  5.914    |  28.43    |  84.5     |
|  108      |  0.9904   |  0.5082   |  2.17     |  0.4544   |  1.856    |  5.838    |  12.42    |  13.57    |
|  109      |  0.9939   |  0.586    |  1.424    |  0.9466   |  7.606    |  6.915    |  39.23    |  119.4    |
|  110      |  0.9936   |  0.9763   |  1.458    |  0.5011   |  6.094    |  1.591    |  27.88    |  43.96    |
|  111      |  0.9941   |  0.9602   |  6.633    |  0.8965   |  2.843    |  1.501    |  28.18    |  110.5    |
|  112      |  0.9937   |  0.7129   |  2.989    |  0.5294   |  0.1743   |  0.7122   |  82.73    |  92.07    |
|  113      |  0.994    |  0.8462   |  4.396    |  0.896    |  7.405    |  6.912    |  21.46    |  229.5    |
|  114      |  0.9937   |  0.7772   |  6.634    |  0.7197   |  3.585    |  0.5418   |  26.93    |  111.8    |
|  115      |  0.9935   |  0.4478   |  1.922    |  0.5853   |  4.624    |  0.01508  |  30.42    |  43.41    |
|  116      |  0.9941   |  0.9583   |  6.292    |  0.9567   |  6.148    |  3.469    |  26.72    |  49.68    |
|  117      |  0.9936   |  0.5061   |  4.675    |  0.5175   |  1.974    |  5.3      |  26.16    |  85.28    |
|  118      |  0.9939   |  0.6769   |  5.611    |  0.9386   |  2.851    |  3.989    |  12.87    |  11.84    |
|  119      |  0.994    |  0.8902   |  5.245    |  0.9471   |  7.175    |  7.771    |  21.41    |  227.2    |
|  120      |  0.9908   |  0.9996   |  5.945    |  0.4598   |  7.789    |  7.987    |  22.91    |  230.1    |
|  121      |  0.9939   |  0.6478   |  4.724    |  0.9442   |  2.343    |  2.992    |  12.03    |  10.96    |
|  122      |  0.9937   |  0.7651   |  4.478    |  0.7467   |  2.26     |  2.075    |  26.94    |  43.44    |
|  123      |  0.994    |  0.6285   |  2.306    |  0.9228   |  6.133    |  5.476    |  8.51     |  108.5    |
|  124      |  0.9936   |  0.9148   |  1.261    |  0.5338   |  5.696    |  6.446    |  9.149    |  110.0    |
|  125      |  0.9933   |  0.4738   |  5.252    |  0.7247   |  1.795    |  6.19     |  14.23    |  15.35    |
|  126      |  0.9912   |  0.4696   |  4.308    |  0.4499   |  0.6789   |  1.775    |  10.42    |  12.74    |
|  127      |  0.9935   |  0.7401   |  4.788    |  0.6106   |  7.704    |  8.473    |  19.64    |  227.7    |
|  128      |  0.9938   |  0.4483   |  3.626    |  0.9801   |  8.685    |  5.849    |  21.13    |  228.9    |
|  129      |  0.994    |  0.708    |  4.75     |  0.9607   |  6.566    |  7.436    |  21.96    |  227.9    |
|  130      |  0.9939   |  0.6037   |  4.106    |  0.7714   |  8.288    |  7.335    |  21.74    |  228.1    |
|  131      |  0.9941   |  0.6665   |  6.147    |  0.9446   |  1.244    |  1.672    |  28.03    |  110.7    |
|  132      |  0.9935   |  0.7634   |  5.797    |  0.5488   |  8.089    |  8.905    |  22.51    |  227.0    |
|  133      |  0.994    |  0.7176   |  3.619    |  0.8321   |  6.498    |  0.3374   |  29.65    |  44.54    |
|  134      |  0.9941   |  0.761    |  5.364    |  0.8258   |  2.843    |  2.527    |  28.91    |  111.7    |
|  135      |  0.994    |  0.4082   |  5.76     |  0.9291   |  0.1022   |  5.06     |  60.62    |  172.9    |
|  136      |  0.9941   |  0.5002   |  4.691    |  0.8007   |  2.623    |  1.394    |  28.64    |  44.37    |
|  137      |  0.9936   |  0.9531   |  6.977    |  0.6005   |  5.513    |  3.357    |  28.34    |  48.81    |
|  138      |  0.9907   |  0.4008   |  4.93     |  0.4539   |  0.5722   |  3.293    |  58.96    |  175.1    |
|  139      |  0.9937   |  0.568    |  5.296    |  0.5644   |  1.973    |  1.823    |  28.9     |  41.81    |
|  140      |  0.9936   |  0.7354   |  1.576    |  0.5857   |  5.639    |  7.497    |  38.15    |  119.1    |
|  141      |  0.9911   |  0.9057   |  5.789    |  0.4167   |  2.372    |  1.771    |  27.64    |  113.0    |
|  142      |  0.9939   |  0.8317   |  6.209    |  0.7517   |  9.775    |  6.419    |  21.9     |  226.9    |
|  143      |  0.9941   |  0.4724   |  3.179    |  0.8459   |  0.84     |  4.9      |  25.74    |  166.4    |
|  144      |  0.9941   |  0.5831   |  4.168    |  0.7616   |  1.386    |  0.4503   |  28.03    |  43.01    |
|  145      |  0.9936   |  0.6596   |  1.269    |  0.64     |  2.098    |  0.9829   |  93.23    |  246.8    |
|  146      |  0.9931   |  0.5791   |  4.206    |  0.6842   |  4.259    |  2.582    |  11.9     |  11.13    |
|  147      |  0.9937   |  0.9275   |  5.213    |  0.5591   |  0.9621   |  7.04     |  26.3     |  84.56    |
|  148      |  0.9907   |  0.6464   |  3.804    |  0.4646   |  2.291    |  5.432    |  26.13    |  167.4    |
|  149      |  0.9941   |  0.7108   |  5.357    |  0.8845   |  1.973    |  2.388    |  28.71    |  109.9    |
|  150      |  0.9936   |  0.7316   |  5.603    |  0.7419   |  5.884    |  2.559    |  26.57    |  48.09    |
|  151      |  0.9941   |  0.5374   |  2.48     |  0.9232   |  1.94     |  0.7675   |  96.01    |  247.0    |
|  152      |  0.9902   |  0.644    |  3.088    |  0.4808   |  5.427    |  7.431    |  9.176    |  109.4    |
|  153      |  0.9941   |  0.9691   |  5.356    |  0.9123   |  7.447    |  1.062    |  30.52    |  46.47    |
|  154      |  0.9908   |  0.5868   |  2.171    |  0.4797   |  3.957    |  2.023    |  29.24    |  44.15    |
|  155      |  0.9938   |  0.5275   |  3.832    |  0.8252   |  2.383    |  4.746    |  11.6     |  10.32    |
|  156      |  0.9937   |  0.8442   |  1.637    |  0.736    |  2.493    |  1.403    |  29.03    |  47.89    |
|  157      |  0.994    |  0.6227   |  2.451    |  0.9878   |  5.324    |  8.634    |  50.17    |  31.33    |
|  158      |  0.994    |  0.6216   |  3.33     |  0.9701   |  4.996    |  0.2082   |  28.66    |  43.89    |
|  159      |  0.994    |  0.4739   |  4.902    |  0.8804   |  3.128    |  7.216    |  28.52    |  84.15    |
|  160      |  0.9937   |  0.9169   |  6.718    |  0.6336   |  1.645    |  1.377    |  27.37    |  110.5    |
|  161      |  0.9941   |  0.9138   |  6.52     |  0.7958   |  4.7      |  4.905    |  26.64    |  49.68    |
|  162      |  0.9936   |  0.8668   |  3.15     |  0.6145   |  5.338    |  7.702    |  49.31    |  31.87    |
|  163      |  0.9941   |  0.6974   |  4.415    |  0.927    |  3.668    |  1.192    |  33.13    |  43.32    |
|  164      |  0.994    |  0.5608   |  6.417    |  0.8359   |  4.545    |  1.393    |  28.16    |  110.5    |
|  165      |  0.9936   |  0.7152   |  6.066    |  0.6327   |  1.107    |  4.334    |  87.25    |  190.4    |
|  166      |  0.9936   |  0.7511   |  6.858    |  0.6532   |  3.141    |  3.519    |  29.67    |  111.7    |
|  167      |  0.9937   |  0.8819   |  3.675    |  0.614    |  2.253    |  0.3889   |  34.17    |  43.48    |
|  168      |  0.9936   |  0.7149   |  4.3      |  0.6779   |  7.073    |  1.444    |  30.01    |  46.33    |
|  169      |  0.994    |  0.7173   |  3.215    |  0.8493   |  6.229    |  7.763    |  51.38    |  33.73    |
|  170      |  0.9909   |  0.7683   |  4.105    |  0.4015   |  3.697    |  3.011    |  29.03    |  110.5    |
|  171      |  0.9938   |  0.7949   |  4.315    |  0.6364   |  0.4023   |  0.05294  |  29.67    |  43.11    |
|  172      |  0.9936   |  0.9985   |  4.837    |  0.7372   |  5.68     |  7.26     |  25.74    |  244.9    |
|  173      |  0.9936   |  0.9117   |  5.141    |  0.7432   |  6.443    |  0.1481   |  29.94    |  46.41    |
|  174      |  0.9941   |  0.9541   |  2.537    |  0.9954   |  1.945    |  1.129    |  83.44    |  92.87    |
|  175      |  0.9936   |  0.9097   |  3.158    |  0.6687   |  2.253    |  0.09031  |  84.11    |  93.48    |
|  176      |  0.9937   |  0.5884   |  4.905    |  0.6124   |  3.063    |  0.3096   |  31.41    |  43.68    |
|  177      |  0.9937   |  0.8537   |  6.875    |  0.7211   |  2.431    |  1.731    |  26.61    |  109.0    |
|  178      |  0.9942   |  0.97     |  4.892    |  0.8968   |  0.5603   |  0.6968   |  28.54    |  110.7    |
|  179      |  0.9937   |  0.5044   |  3.975    |  0.6248   |  1.037    |  0.4288   |  31.46    |  43.33    |
|  180      |  0.9936   |  0.5456   |  4.463    |  0.6241   |  1.946    |  2.789    |  33.65    |  42.91    |
|  181      |  0.9936   |  0.7376   |  5.392    |  0.5767   |  2.794    |  4.858    |  28.9     |  84.52    |
|  182      |  0.9936   |  0.7833   |  2.763    |  0.502    |  1.026    |  1.161    |  81.46    |  93.96    |
|  183      |  0.9938   |  0.8686   |  4.363    |  0.6344   |  0.6917   |  0.935    |  33.16    |  42.1     |
|  184      |  0.9936   |  0.7937   |  5.865    |  0.7463   |  2.128    |  6.758    |  28.7     |  86.42    |
|  185      |  0.9941   |  0.4972   |  3.32     |  0.8356   |  1.517    |  1.715    |  82.86    |  94.09    |
|  186      |  0.9941   |  0.7856   |  6.724    |  0.9508   |  4.657    |  1.1      |  26.74    |  110.8    |
|  187      |  0.9936   |  0.5281   |  2.384    |  0.5403   |  1.821    |  3.502    |  83.75    |  93.36    |
|  188      |  0.9941   |  0.7986   |  3.476    |  0.8236   |  1.674    |  6.828    |  28.85    |  83.7     |
|  189      |  0.9935   |  0.4716   |  5.248    |  0.5933   |  5.743    |  1.108    |  29.16    |  43.84    |
|  190      |  0.9942   |  0.8482   |  5.393    |  0.9737   |  2.098    |  1.286    |  29.05    |  109.6    |
|  191      |  0.9898   |  0.4067   |  6.074    |  0.4968   |  8.028    |  5.932    |  22.98    |  227.3    |
|  192      |  0.9941   |  0.7697   |  2.688    |  1.0      |  5.366    |  0.4189   |  28.85    |  45.84    |
|  193      |  0.9941   |  0.4208   |  5.29     |  0.8105   |  1.292    |  0.5635   |  30.11    |  111.5    |
|  194      |  0.9936   |  0.8903   |  3.455    |  0.7009   |  8.122    |  1.106    |  40.19    |  160.9    |
|  195      |  0.9941   |  0.6082   |  2.336    |  1.0      |  3.804    |  0.568    |  28.82    |  46.57    |
|  196      |  0.9936   |  0.7726   |  6.662    |  0.5333   |  6.498    |  5.583    |  27.53    |  47.46    |
|  197      |  0.9936   |  0.7514   |  5.381    |  0.6242   |  4.844    |  2.133    |  24.56    |  49.44    |
|  198      |  0.9937   |  0.908    |  1.039    |  0.7443   |  0.8733   |  0.3989   |  83.72    |  91.89    |
|  199      |  0.9937   |  0.6865   |  4.48     |  0.5886   |  0.2257   |  0.8722   |  28.9     |  109.6    |
|  200      |  0.9942   |  0.8942   |  3.775    |  0.7503   |  0.3144   |  4.237    |  26.19    |  165.7    |
|  201      |  0.9937   |  0.5407   |  1.9      |  0.7498   |  0.321    |  2.754    |  25.43    |  165.7    |
|  202      |  0.9941   |  0.8403   |  3.812    |  0.8719   |  2.283    |  6.871    |  28.88    |  85.22    |
|  203      |  0.9937   |  0.6591   |  5.253    |  0.7472   |  3.325    |  0.001108 |  27.66    |  45.44    |
|  204      |  0.9937   |  0.9024   |  2.854    |  0.6629   |  4.16     |  0.5051   |  32.92    |  42.72    |
|  205      |  0.9939   |  0.6321   |  1.185    |  0.8874   |  7.148    |  8.833    |  39.92    |  119.7    |
|  206      |  0.9937   |  0.9339   |  3.716    |  0.6528   |  1.182    |  6.725    |  27.5     |  82.42    |
|  207      |  0.9936   |  0.8819   |  1.767    |  0.6673   |  1.043    |  1.801    |  94.65    |  248.5    |
|  208      |  0.9936   |  0.6576   |  2.247    |  0.7127   |  2.194    |  7.143    |  27.2     |  84.27    |
|  209      |  0.9911   |  0.7941   |  3.642    |  0.4309   |  2.222    |  1.321    |  95.42    |  247.7    |
|  210      |  0.9936   |  0.4379   |  5.403    |  0.6323   |  4.122    |  0.646    |  27.28    |  109.0    |
|  211      |  0.9911   |  0.4589   |  2.068    |  0.4523   |  1.639    |  0.8813   |  97.9     |  247.0    |
|  212      |  0.994    |  0.4147   |  2.755    |  0.9526   |  1.537    |  4.578    |  25.91    |  165.0    |
|  213      |  0.9937   |  0.8101   |  6.907    |  0.6291   |  2.814    |  3.383    |  27.69    |  110.1    |
|  214      |  0.9936   |  0.5552   |  4.953    |  0.5226   |  0.493    |  6.03     |  29.35    |  85.43    |
|  215      |  0.9941   |  0.7701   |  6.297    |  0.9867   |  2.086    |  7.806    |  28.02    |  83.74    |
|  216      |  0.9942   |  0.8515   |  3.771    |  0.7901   |  1.353    |  0.9808   |  30.69    |  110.8    |
|  217      |  0.9936   |  0.5296   |  2.078    |  0.5113   |  0.6864   |  2.322    |  83.54    |  92.55    |
|  218      |  0.994    |  0.4944   |  6.262    |  0.8081   |  1.671    |  7.144    |  29.91    |  84.41    |
|  219      |  0.9936   |  0.6861   |  4.322    |  0.7307   |  3.904    |  0.4814   |  29.96    |  42.74    |
|  220      |  0.9905   |  0.7343   |  3.734    |  0.4032   |  1.802    |  8.834    |  29.56    |  85.71    |
|  221      |  0.9911   |  0.9782   |  2.002    |  0.4693   |  0.08596  |  0.4869   |  83.84    |  94.35    |
|  222      |  0.9936   |  0.7849   |  4.674    |  0.5631   |  2.378    |  6.283    |  27.46    |  86.34    |
|  223      |  0.9901   |  0.4992   |  5.929    |  0.4062   |  5.804    |  4.333    |  25.41    |  50.93    |
|  224      |  0.9937   |  0.7163   |  3.365    |  0.6758   |  1.463    |  1.649    |  29.05    |  112.0    |
|  225      |  0.9941   |  0.9471   |  2.706    |  0.8613   |  3.037    |  0.3353   |  82.26    |  93.89    |
|  226      |  0.9907   |  0.8979   |  1.122    |  0.4952   |  5.015    |  8.339    |  50.69    |  32.58    |
|  227      |  0.994    |  0.5358   |  6.187    |  0.9113   |  2.657    |  6.46     |  30.16    |  84.08    |
|  228      |  0.9937   |  0.7646   |  4.308    |  0.6486   |  0.7237   |  2.116    |  30.12    |  111.0    |
|  229      |  0.9941   |  0.5557   |  4.701    |  0.8583   |  3.47     |  1.09     |  33.05    |  41.68    |
|  230      |  0.9937   |  0.7002   |  2.369    |  0.6573   |  3.41     |  1.94     |  33.15    |  42.87    |
|  231      |  0.9935   |  0.6766   |  3.978    |  0.5062   |  7.768    |  6.384    |  20.24    |  228.2    |
|  232      |  0.991    |  0.8937   |  5.205    |  0.4298   |  0.989    |  1.07     |  30.05    |  108.8    |
|  233      |  0.9941   |  0.8883   |  5.343    |  0.8491   |  2.807    |  1.312    |  27.99    |  43.47    |
|  234      |  0.9941   |  0.9617   |  4.04     |  0.8269   |  1.896    |  6.038    |  30.44    |  84.83    |
|  235      |  0.9936   |  0.655    |  3.371    |  0.6688   |  3.461    |  1.832    |  82.31    |  92.67    |
|  236      |  0.994    |  0.4916   |  6.249    |  0.8097   |  1.67     |  7.176    |  28.01    |  82.25    |
|  237      |  0.9936   |  0.671    |  4.73     |  0.5318   |  1.59     |  5.546    |  59.96    |  173.3    |
|  238      |  0.9941   |  0.7946   |  4.948    |  0.9009   |  2.777    |  0.8713   |  34.41    |  42.97    |
|  239      |  0.9936   |  0.7372   |  3.602    |  0.5527   |  5.669    |  0.592    |  30.69    |  46.53    |
|  240      |  0.9942   |  1.0      |  5.173    |  1.0      |  1.898    |  0.4301   |  28.97    |  43.49    |
|  241      |  0.9941   |  0.913    |  3.518    |  0.7509   |  1.804    |  5.656    |  29.49    |  86.36    |
|  242      |  0.9941   |  0.9027   |  6.602    |  0.9655   |  0.3084   |  7.216    |  29.07    |  82.32    |
|  243      |  0.9936   |  0.4836   |  6.741    |  0.6222   |  0.8649   |  5.802    |  28.83    |  83.14    |
|  244      |  0.9937   |  0.7222   |  6.901    |  0.579    |  0.1213   |  7.848    |  28.55    |  83.92    |
|  245      |  0.9937   |  0.8497   |  5.424    |  0.7455   |  0.6878   |  3.56     |  27.99    |  110.2    |
|  246      |  0.9942   |  0.952    |  3.727    |  0.9394   |  2.322    |  0.8376   |  29.19    |  42.24    |
|  247      |  0.9942   |  0.8871   |  2.201    |  0.9574   |  0.2785   |  4.39     |  24.08    |  166.9    |
|  248      |  0.9937   |  0.9975   |  5.671    |  0.688    |  3.741    |  0.4954   |  28.89    |  110.1    |
|  249      |  0.9941   |  0.7058   |  5.034    |  0.8119   |  1.15     |  4.146    |  29.54    |  85.4     |
|  250      |  0.9937   |  0.8711   |  6.084    |  0.6624   |  0.841    |  4.423    |  30.01    |  84.3     |
|  251      |  0.9911   |  0.6548   |  3.771    |  0.4767   |  3.009    |  1.425    |  35.03    |  41.52    |
|  252      |  0.9937   |  0.5599   |  3.214    |  0.6718   |  0.7374   |  1.291    |  28.21    |  42.74    |
|  253      |  0.9941   |  0.9572   |  4.905    |  0.9701   |  1.855    |  6.733    |  29.99    |  83.24    |
|  254      |  0.9936   |  0.5019   |  4.609    |  0.676    |  2.138    |  3.882    |  30.77    |  85.94    |
|  255      |  0.991    |  0.8036   |  3.18     |  0.4645   |  1.444    |  5.112    |  28.18    |  85.31    |
|  256      |  0.9936   |  0.5131   |  6.213    |  0.5963   |  2.314    |  1.372    |  33.5     |  43.84    |
|  257      |  0.9941   |  0.8578   |  6.116    |  0.9567   |  1.919    |  2.178    |  29.43    |  111.1    |
|  258      |  0.9939   |  0.9176   |  3.583    |  0.923    |  1.26     |  3.678    |  10.56    |  9.415    |
|  259      |  0.9941   |  0.7354   |  6.174    |  0.8358   |  1.654    |  5.63     |  30.93    |  86.6     |
|  260      |  0.9933   |  0.4523   |  2.597    |  0.6225   |  8.183    |  7.445    |  37.26    |  119.2    |
|  261      |  0.9936   |  0.8513   |  5.069    |  0.5592   |  2.521    |  8.32     |  28.93    |  83.25    |
|  262      |  0.9941   |  0.6824   |  4.191    |  0.9462   |  2.158    |  4.955    |  30.24    |  87.51    |
|  263      |  0.9936   |  0.7524   |  5.516    |  0.6779   |  3.753    |  6.591    |  29.25    |  85.6     |
|  264      |  0.9937   |  0.8903   |  4.462    |  0.733    |  0.9578   |  3.154    |  24.85    |  165.1    |
|  265      |  0.9942   |  0.8245   |  4.822    |  0.9747   |  1.105    |  1.811    |  28.7     |  111.2    |
|  266      |  0.9937   |  0.8027   |  3.483    |  0.5084   |  1.612    |  0.5312   |  28.56    |  111.1    |
|  267      |  0.9936   |  0.7771   |  5.127    |  0.6982   |  1.125    |  3.685    |  59.4     |  172.1    |
|  268      |  0.9937   |  0.6236   |  3.963    |  0.569    |  2.76     |  0.2834   |  29.98    |  110.8    |
|  269      |  0.991    |  0.8861   |  5.295    |  0.4336   |  0.9104   |  1.689    |  28.17    |  110.2    |
|  270      |  0.9941   |  0.6381   |  5.831    |  0.8735   |  2.755    |  0.4049   |  28.64    |  43.15    |
|  271      |  0.9937   |  0.6504   |  5.98     |  0.6672   |  2.05     |  0.1493   |  28.5     |  44.36    |
|  272      |  0.994    |  0.4692   |  6.086    |  0.7677   |  4.141    |  3.013    |  26.07    |  110.9    |
|  273      |  0.991    |  0.8583   |  6.621    |  0.4718   |  0.7037   |  5.129    |  28.96    |  85.42    |
|  274      |  0.9936   |  0.7623   |  5.564    |  0.7234   |  4.462    |  1.77     |  27.3     |  110.3    |
|  275      |  0.994    |  0.5022   |  4.211    |  0.843    |  3.573    |  1.015    |  27.51    |  42.64    |
|  276      |  0.9938   |  0.435    |  3.462    |  0.9787   |  2.439    |  3.382    |  11.92    |  10.21    |
|  277      |  0.9941   |  0.7941   |  2.608    |  0.9084   |  3.009    |  1.99     |  82.99    |  94.02    |
|  278      |  0.9937   |  0.8287   |  5.025    |  0.6794   |  1.344    |  6.096    |  28.78    |  82.02    |
|  279      |  0.9936   |  0.4      |  4.754    |  0.5326   |  1.983    |  0.6573   |  29.6     |  111.7    |
|  280      |  0.9911   |  0.9377   |  2.107    |  0.4099   |  2.376    |  1.056    |  81.59    |  95.11    |
|  281      |  0.9937   |  0.5709   |  3.423    |  0.6343   |  1.366    |  0.7952   |  32.96    |  43.65    |
|  282      |  0.9936   |  0.9142   |  5.374    |  0.5044   |  2.708    |  5.785    |  27.33    |  85.26    |
|  283      |  0.9937   |  0.8695   |  5.222    |  0.6808   |  3.066    |  1.34     |  29.49    |  110.0    |
|  284      |  0.9939   |  0.6162   |  5.215    |  0.8833   |  2.808    |  5.18     |  13.39    |  10.62    |
|  285      |  0.994    |  0.7706   |  6.872    |  0.9735   |  5.361    |  3.83     |  27.3     |  49.01    |
|  286      |  0.9936   |  0.9149   |  1.161    |  0.647    |  2.465    |  1.817    |  82.51    |  92.68    |
|  287      |  0.9906   |  0.7824   |  5.102    |  0.4955   |  5.944    |  8.972    |  21.2     |  227.5    |
|  288      |  0.9906   |  0.5686   |  3.908    |  0.4458   |  1.496    |  4.031    |  12.74    |  10.16    |
|  289      |  0.9937   |  0.8249   |  5.167    |  0.5593   |  2.345    |  1.86     |  30.77    |  42.81    |
|  290      |  0.9936   |  0.8154   |  2.309    |  0.6196   |  7.312    |  0.4479   |  40.8     |  161.0    |
|  291      |  0.9941   |  0.8867   |  4.583    |  0.987    |  2.176    |  1.957    |  29.64    |  111.2    |
|  292      |  0.9936   |  0.4349   |  3.778    |  0.7385   |  3.95     |  0.321    |  29.23    |  46.75    |
|  293      |  0.9908   |  0.6176   |  5.391    |  0.4385   |  5.352    |  1.852    |  24.89    |  47.33    |
|  294      |  0.9942   |  0.9668   |  3.233    |  0.9505   |  0.7396   |  0.1092   |  81.73    |  92.88    |
|  295      |  0.9941   |  0.5708   |  4.104    |  0.9619   |  0.3241   |  4.792    |  29.93    |  86.11    |
|  296      |  0.9941   |  0.969    |  4.035    |  0.953    |  0.6924   |  7.042    |  29.49    |  83.73    |
|  297      |  0.9941   |  0.8001   |  4.154    |  0.9955   |  0.6789   |  7.813    |  29.32    |  81.75    |
|  298      |  0.9941   |  0.8541   |  4.563    |  0.9172   |  0.5761   |  4.838    |  30.42    |  87.82    |
|  299      |  0.9941   |  0.6502   |  5.786    |  0.8304   |  1.562    |  6.988    |  27.63    |  84.97    |
|  300      |  0.9941   |  0.7579   |  4.15     |  0.8707   |  5.529    |  1.138    |  28.5     |  42.4     |
|  301      |  0.994    |  0.5917   |  2.638    |  0.8403   |  5.628    |  0.4611   |  26.95    |  42.14    |
|  302      |  0.9937   |  0.7019   |  6.868    |  0.6119   |  2.835    |  0.4449   |  29.83    |  111.4    |
|  303      |  0.9941   |  0.9526   |  3.783    |  0.8164   |  3.02     |  6.117    |  29.62    |  83.15    |
|  304      |  0.991    |  0.9957   |  3.548    |  0.4069   |  1.645    |  6.36     |  30.36    |  84.29    |
|  305      |  0.9905   |  0.4981   |  2.315    |  0.4206   |  1.861    |  5.782    |  51.53    |  204.6    |
|  306      |  0.994    |  0.5826   |  1.938    |  0.7712   |  6.26     |  0.1424   |  29.61    |  47.28    |
|  307      |  0.9941   |  0.7025   |  5.296    |  0.9913   |  2.846    |  2.097    |  28.73    |  108.4    |
|  308      |  0.9935   |  0.7626   |  2.596    |  0.5029   |  8.296    |  7.546    |  50.51    |  33.79    |
|  309      |  0.991    |  0.99     |  3.683    |  0.4914   |  0.2481   |  4.35     |  29.14    |  87.63    |
|  310      |  0.9935   |  0.501    |  6.871    |  0.6469   |  7.016    |  3.696    |  16.23    |  163.5    |
|  311      |  0.9911   |  0.9355   |  1.525    |  0.4899   |  2.11     |  1.452    |  72.1     |  244.5    |
|  312      |  0.9941   |  0.8067   |  5.016    |  0.9278   |  3.124    |  6.422    |  29.86    |  86.77    |
|  313      |  0.994    |  0.7804   |  2.318    |  0.8204   |  5.994    |  1.957    |  27.53    |  42.16    |
|  314      |  0.9935   |  0.6581   |  4.511    |  0.6491   |  8.845    |  8.593    |  33.09    |  100.1    |
|  315      |  0.9941   |  0.4093   |  4.678    |  0.8045   |  0.7636   |  0.3894   |  28.21    |  43.39    |
|  316      |  0.9936   |  0.9879   |  3.536    |  0.5265   |  6.111    |  1.958    |  26.56    |  43.88    |
|  317      |  0.9939   |  0.5147   |  3.753    |  0.9013   |  7.279    |  1.151    |  27.94    |  45.85    |
|  318      |  0.9941   |  0.4814   |  1.784    |  0.8652   |  0.8945   |  5.453    |  25.52    |  166.3    |
|  319      |  0.9936   |  0.4425   |  3.35     |  0.6221   |  0.6308   |  4.142    |  26.85    |  165.6    |
|  320      |  0.994    |  0.5222   |  2.561    |  0.9595   |  3.406    |  1.181    |  83.24    |  92.84    |
|  321      |  0.9941   |  0.7377   |  6.18     |  0.9348   |  2.208    |  3.603    |  28.97    |  110.7    |
|  322      |  0.9936   |  0.839    |  6.378    |  0.7177   |  1.428    |  5.986    |  29.82    |  83.44    |
|  323      |  0.9941   |  0.43     |  5.475    |  0.7592   |  0.19     |  6.185    |  30.49    |  82.74    |
|  324      |  0.9913   |  0.788    |  2.303    |  0.4581   |  0.4832   |  0.09899  |  8.797    |  11.81    |
|  325      |  0.9941   |  0.5844   |  1.594    |  0.7523   |  2.643    |  0.2922   |  95.07    |  246.1    |
|  326      |  0.9937   |  0.4725   |  4.31     |  0.5286   |  0.2525   |  0.9422   |  28.39    |  42.73    |
|  327      |  0.9935   |  0.6932   |  2.682    |  0.624    |  6.07     |  9.616    |  49.42    |  33.65    |
|  328      |  0.9941   |  0.9769   |  2.822    |  0.9284   |  4.529    |  0.9849   |  28.11    |  42.28    |
|  329      |  0.9911   |  0.9772   |  3.887    |  0.48     |  4.576    |  1.33     |  28.23    |  42.35    |
|  330      |  0.9941   |  0.9977   |  6.327    |  0.9805   |  2.755    |  0.8692   |  27.09    |  109.8    |
|  331      |  0.9937   |  0.6017   |  6.363    |  0.5481   |  1.763    |  1.06     |  29.17    |  43.07    |
|  332      |  0.9936   |  0.8821   |  4.116    |  0.6068   |  2.021    |  7.511    |  28.1     |  83.65    |
|  333      |  0.9936   |  0.7016   |  3.715    |  0.633    |  1.076    |  4.465    |  81.91    |  193.2    |
|  334      |  0.9942   |  0.9677   |  3.433    |  0.8394   |  0.2914   |  5.407    |  31.42    |  86.61    |
|  335      |  0.9935   |  0.4161   |  3.332    |  0.6151   |  3.95     |  1.044    |  29.1     |  47.82    |
|  336      |  0.994    |  0.6635   |  4.238    |  0.9935   |  6.712    |  5.647    |  14.81    |  95.36    |
|  337      |  0.9936   |  0.5515   |  1.413    |  0.6943   |  1.299    |  7.769    |  50.97    |  161.0    |
|  338      |  0.9935   |  0.8012   |  1.479    |  0.509    |  8.314    |  5.744    |  69.3     |  98.16    |
|  339      |  0.9939   |  0.4052   |  1.051    |  0.7851   |  6.554    |  0.03652  |  44.01    |  69.22    |
|  340      |  0.9936   |  0.6324   |  5.456    |  0.5432   |  3.358    |  5.546    |  77.22    |  149.9    |
|  341      |  0.9906   |  0.8432   |  2.412    |  0.4352   |  7.855    |  7.087    |  56.92    |  226.9    |
|  342      |  0.991    |  0.8598   |  5.773    |  0.4759   |  3.588    |  5.855    |  30.83    |  86.75    |
|  343      |  0.994    |  0.9374   |  4.605    |  0.8431   |  7.939    |  6.749    |  35.88    |  197.3    |
|  344      |  0.9936   |  0.9719   |  4.009    |  0.6739   |  6.133    |  1.709    |  78.89    |  187.1    |
|  345      |  0.994    |  0.629    |  2.719    |  0.7994   |  4.99     |  6.253    |  85.77    |  238.1    |
|  346      |  0.9936   |  0.5117   |  3.657    |  0.6131   |  4.482    |  0.01649  |  44.08    |  35.34    |
|  347      |  0.9935   |  0.5285   |  1.374    |  0.993    |  0.9676   |  8.602    |  92.3     |  8.305    |
|  348      |  0.9908   |  0.8321   |  3.576    |  0.469    |  5.049    |  5.62     |  39.56    |  195.4    |
|  349      |  0.9938   |  0.5082   |  1.805    |  0.9355   |  0.5782   |  8.729    |  25.18    |  10.18    |
|  350      |  0.9936   |  0.6124   |  4.622    |  0.5829   |  1.264    |  7.832    |  29.17    |  83.8     |
|  351      |  0.991    |  0.7511   |  2.299    |  0.4878   |  2.772    |  2.297    |  83.37    |  93.47    |
|  352      |  0.994    |  0.634    |  6.388    |  0.843    |  4.982    |  3.445    |  26.69    |  49.9     |
|  353      |  0.9938   |  0.499    |  6.215    |  0.829    |  9.018    |  0.4429   |  87.99    |  129.7    |
|  354      |  0.9933   |  0.4611   |  2.598    |  0.6011   |  8.782    |  8.704    |  64.69    |  73.88    |
|  355      |  0.9936   |  0.9197   |  6.0      |  0.7114   |  4.405    |  4.603    |  25.61    |  48.67    |
|  356      |  0.994    |  0.8572   |  2.63     |  0.7569   |  5.323    |  8.259    |  95.38    |  217.4    |
|  357      |  0.9939   |  0.5922   |  5.655    |  0.9755   |  7.679    |  6.476    |  94.03    |  74.98    |
|  358      |  0.994    |  0.7264   |  4.063    |  0.7865   |  7.527    |  4.033    |  39.04    |  132.7    |
|  359      |  0.994    |  0.4638   |  4.791    |  0.8999   |  2.137    |  7.227    |  29.75    |  83.74    |
|  360      |  0.9941   |  0.4251   |  6.821    |  0.9056   |  0.3065   |  2.381    |  74.22    |  167.7    |
|  361      |  0.9911   |  0.5118   |  5.422    |  0.4343   |  2.194    |  1.431    |  29.63    |  112.4    |
|  362      |  0.9941   |  0.8856   |  4.529    |  0.8763   |  2.21     |  2.794    |  48.08    |  163.1    |
|  363      |  0.994    |  0.6424   |  4.656    |  0.8648   |  3.473    |  8.575    |  77.35    |  22.23    |
|  364      |  0.994    |  0.9298   |  1.427    |  0.9443   |  5.977    |  0.7039   |  75.62    |  91.93    |
|  365      |  0.994    |  0.9663   |  1.784    |  0.9359   |  2.053    |  9.603    |  99.02    |  13.86    |
|  366      |  0.9934   |  0.5213   |  3.065    |  0.5316   |  9.25     |  9.252    |  19.17    |  140.4    |
|  367      |  0.9909   |  0.8036   |  3.123    |  0.4037   |  2.063    |  9.153    |  87.16    |  202.6    |
|  368      |  0.9939   |  0.536    |  6.659    |  0.9804   |  7.074    |  3.743    |  29.43    |  178.3    |
|  369      |  0.9936   |  0.7306   |  2.957    |  0.6234   |  1.222    |  9.209    |  97.68    |  161.2    |
|  370      |  0.9941   |  0.7962   |  1.479    |  0.8579   |  0.9855   |  5.301    |  26.55    |  166.5    |
|  371      |  0.9934   |  0.5094   |  1.784    |  0.6654   |  8.006    |  6.742    |  12.82    |  203.9    |
|  372      |  0.9936   |  0.5831   |  3.094    |  0.647    |  3.251    |  0.9701   |  33.48    |  43.28    |
|  373      |  0.9908   |  0.4898   |  4.307    |  0.4317   |  0.6205   |  4.803    |  24.98    |  166.4    |
|  374      |  0.9935   |  0.6294   |  5.448    |  0.529    |  6.636    |  5.108    |  14.39    |  95.04    |
|  375      |  0.9902   |  0.8029   |  6.547    |  0.4306   |  6.058    |  8.195    |  81.3     |  61.49    |
|  376      |  0.9936   |  0.9466   |  2.263    |  0.5843   |  7.159    |  3.96     |  32.52    |  196.0    |
|  377      |  0.9936   |  0.6062   |  1.108    |  0.7223   |  3.394    |  3.057    |  85.02    |  207.2    |
|  378      |  0.994    |  0.7867   |  3.067    |  0.8227   |  6.046    |  4.761    |  59.27    |  123.9    |
|  379      |  0.9935   |  0.9148   |  3.199    |  0.6868   |  8.348    |  2.448    |  55.94    |  19.34    |
|  380      |  0.9939   |  0.5595   |  5.444    |  0.8858   |  6.234    |  8.118    |  72.67    |  216.5    |
|  381      |  0.9908   |  0.772    |  1.533    |  0.4959   |  4.66     |  5.991    |  66.93    |  34.5     |
|  382      |  0.9936   |  0.7806   |  2.197    |  0.5733   |  7.654    |  0.1962   |  20.26    |  87.2     |
|  383      |  0.9941   |  0.9598   |  4.993    |  0.8185   |  2.932    |  6.433    |  29.17    |  87.65    |
|  384      |  0.9941   |  0.8708   |  1.778    |  0.7569   |  3.168    |  9.527    |  43.65    |  236.2    |
|  385      |  0.9935   |  0.6892   |  3.146    |  0.5731   |  7.642    |  9.183    |  25.73    |  71.03    |
|  386      |  0.9935   |  0.5295   |  5.198    |  0.5258   |  6.016    |  6.67     |  21.01    |  36.19    |
|  387      |  0.9938   |  0.4269   |  4.879    |  0.8078   |  6.878    |  4.076    |  88.25    |  167.7    |
|  388      |  0.9935   |  0.4308   |  6.066    |  0.6274   |  2.606    |  8.91     |  32.08    |  46.01    |
|  389      |  0.9941   |  0.8854   |  5.866    |  0.8584   |  4.046    |  8.196    |  53.12    |  66.55    |
|  390      |  0.9941   |  0.934    |  5.619    |  0.9214   |  2.04     |  2.573    |  29.21    |  109.1    |
|  391      |  0.991    |  0.5939   |  6.363    |  0.4828   |  2.095    |  3.91     |  81.8     |  221.0    |
|  392      |  0.9939   |  0.6863   |  4.742    |  0.875    |  6.015    |  9.023    |  25.02    |  245.1    |
|  393      |  0.9939   |  0.4374   |  4.515    |  0.9052   |  3.467    |  4.221    |  13.27    |  11.06    |
|  394      |  0.9938   |  0.4043   |  5.448    |  0.9861   |  7.086    |  4.752    |  75.04    |  202.3    |
|  395      |  0.9903   |  0.4786   |  6.098    |  0.4677   |  4.749    |  4.819    |  98.51    |  222.6    |
|  396      |  0.994    |  0.8844   |  6.851    |  0.8494   |  2.96     |  6.253    |  91.36    |  66.27    |
|  397      |  0.9936   |  0.7508   |  3.755    |  0.5122   |  0.03301  |  9.789    |  84.66    |  55.39    |
|  398      |  0.9941   |  0.7997   |  3.764    |  0.8936   |  2.703    |  0.6434   |  34.33    |  44.5     |
|  399      |  0.9937   |  0.6384   |  6.565    |  0.587    |  0.5378   |  1.021    |  28.17    |  43.26    |
|  400      |  0.9941   |  0.8927   |  6.392    |  0.8445   |  1.604    |  8.27     |  27.72    |  84.87    |
|  401      |  0.9936   |  0.9621   |  1.622    |  0.6342   |  4.877    |  5.336    |  53.09    |  32.7     |
|  402      |  0.9906   |  0.734    |  2.606    |  0.4749   |  7.274    |  3.334    |  24.9     |  35.97    |
|  403      |  0.994    |  0.5072   |  3.004    |  0.8793   |  0.5495   |  9.05     |  62.5     |  177.5    |
|  404      |  0.994    |  0.7598   |  6.702    |  0.9465   |  5.672    |  2.528    |  89.4     |  194.4    |
|  405      |  0.9941   |  0.9642   |  3.023    |  0.9675   |  5.835    |  4.401    |  18.72    |  19.05    |
|  406      |  0.9935   |  0.9253   |  1.397    |  0.6429   |  7.769    |  8.298    |  83.79    |  252.6    |
|  407      |  0.9939   |  0.579    |  2.271    |  0.7626   |  7.143    |  7.257    |  38.64    |  119.1    |
|  408      |  0.994    |  0.9996   |  4.246    |  0.9662   |  6.522    |  1.843    |  91.46    |  54.25    |
|  409      |  0.9941   |  0.4456   |  4.666    |  0.8111   |  0.2689   |  1.316    |  29.69    |  111.2    |
|  410      |  0.9936   |  0.7547   |  3.541    |  0.6261   |  5.897    |  1.425    |  15.72    |  194.8    |
|  411      |  0.9901   |  0.6989   |  4.791    |  0.4017   |  8.018    |  5.336    |  23.95    |  62.69    |
|  412      |  0.9901   |  0.5386   |  4.667    |  0.4803   |  8.308    |  1.163    |  22.31    |  135.3    |
|  413      |  0.9936   |  0.6195   |  5.515    |  0.7179   |  4.372    |  3.522    |  27.57    |  48.65    |
|  414      |  0.9941   |  0.4774   |  3.439    |  0.9964   |  0.1569   |  7.502    |  28.25    |  82.98    |
|  415      |  0.9941   |  0.6911   |  5.341    |  0.9703   |  2.896    |  7.27     |  26.71    |  85.47    |
|  416      |  0.9903   |  0.9182   |  5.545    |  0.4159   |  9.872    |  8.683    |  22.07    |  228.0    |
|  417      |  0.9935   |  0.5414   |  2.421    |  0.7412   |  6.211    |  2.01     |  92.29    |  145.2    |
|  418      |  0.991    |  0.5251   |  4.66     |  0.4275   |  3.418    |  1.404    |  18.63    |  203.6    |
|  419      |  0.9941   |  0.5255   |  4.07     |  0.7765   |  0.9428   |  4.499    |  32.42    |  87.14    |
|  420      |  0.9941   |  0.7199   |  1.12     |  0.9936   |  0.749    |  6.629    |  26.58    |  165.5    |
|  421      |  0.9936   |  0.5473   |  3.861    |  0.5605   |  1.415    |  6.36     |  31.42    |  86.63    |
|  422      |  0.9935   |  0.5514   |  1.692    |  0.556    |  6.699    |  5.872    |  9.381    |  108.9    |
|  423      |  0.9941   |  0.989    |  6.771    |  0.9727   |  1.823    |  6.847    |  31.05    |  85.52    |
|  424      |  0.9941   |  0.7378   |  5.998    |  0.7542   |  1.265    |  6.815    |  31.1     |  83.35    |
|  425      |  0.9941   |  0.9614   |  3.91     |  0.9245   |  6.809    |  1.784    |  27.64    |  42.93    |
|  426      |  0.9942   |  0.9853   |  4.486    |  0.9675   |  0.3368   |  0.5105   |  82.14    |  93.86    |
|  427      |  0.991    |  0.8368   |  3.093    |  0.4947   |  1.125    |  0.04527  |  29.08    |  44.56    |
|  428      |  0.9936   |  0.5089   |  5.064    |  0.6477   |  1.695    |  4.836    |  30.43    |  84.49    |
|  429      |  0.9935   |  0.4122   |  5.243    |  0.6803   |  1.763    |  6.397    |  30.19    |  86.66    |
|  430      |  0.9941   |  0.864    |  4.922    |  0.7852   |  2.882    |  1.884    |  28.19    |  109.7    |
|  431      |  0.9936   |  0.4881   |  1.114    |  0.6511   |  2.011    |  4.602    |  26.99    |  165.4    |
|  432      |  0.9936   |  0.7261   |  1.822    |  0.6323   |  4.464    |  0.1225   |  27.91    |  41.67    |
|  433      |  0.9933   |  0.8797   |  4.208    |  0.5692   |  2.895    |  3.943    |  11.45    |  12.3     |
|  434      |  0.9936   |  0.8934   |  4.292    |  0.6243   |  1.968    |  4.966    |  30.25    |  85.24    |
|  435      |  0.9941   |  0.8072   |  4.158    |  0.8031   |  2.938    |  6.313    |  29.75    |  85.52    |
|  436      |  0.994    |  0.4408   |  5.373    |  0.7632   |  3.044    |  6.195    |  28.57    |  87.0     |
|  437      |  0.9937   |  0.4328   |  3.829    |  0.5635   |  0.9951   |  0.2608   |  29.05    |  110.9    |
|  438      |  0.9937   |  0.6543   |  1.616    |  0.5173   |  0.6271   |  5.32     |  25.72    |  164.9    |
|  439      |  0.9936   |  0.4535   |  2.229    |  0.616    |  0.3865   |  4.565    |  25.65    |  167.6    |
|  440      |  0.9942   |  0.7814   |  6.791    |  0.8435   |  1.527    |  0.6458   |  28.34    |  111.6    |
|  441      |  0.9937   |  0.8995   |  2.517    |  0.6095   |  0.5782   |  6.537    |  25.22    |  166.1    |
|  442      |  0.9941   |  0.5904   |  4.212    |  0.8601   |  0.4204   |  5.64     |  29.85    |  82.48    |
|  443      |  0.9936   |  0.4963   |  4.004    |  0.7404   |  2.267    |  0.5612   |  81.21    |  93.45    |
|  444      |  0.9941   |  0.476    |  4.381    |  0.8204   |  0.03714  |  7.86     |  29.46    |  83.22    |
|  445      |  0.994    |  0.6961   |  2.035    |  0.7763   |  6.974    |  0.3362   |  27.25    |  43.67    |
|  446      |  0.991    |  0.7784   |  3.353    |  0.4661   |  0.2961   |  3.769    |  25.33    |  164.6    |
|  447      |  0.9937   |  0.5881   |  5.397    |  0.5864   |  1.423    |  1.181    |  30.39    |  44.1     |
|  448      |  0.9936   |  0.7752   |  6.17     |  0.6452   |  0.7568   |  6.403    |  60.72    |  172.9    |
|  449      |  0.9937   |  0.7781   |  3.653    |  0.5088   |  1.159    |  5.314    |  31.1     |  85.48    |
|  450      |  0.9935   |  0.5383   |  6.058    |  0.7455   |  6.069    |  3.046    |  89.11    |  195.2    |
|  451      |  0.9941   |  0.9153   |  3.222    |  0.9891   |  3.912    |  1.7      |  32.78    |  44.08    |
|  452      |  0.9902   |  0.6758   |  3.587    |  0.4701   |  5.956    |  6.961    |  50.06    |  33.45    |
|  453      |  0.994    |  0.4      |  5.859    |  1.0      |  2.505    |  2.01     |  28.57    |  110.7    |
|  454      |  0.9936   |  0.837    |  4.777    |  0.7185   |  7.808    |  0.7265   |  28.96    |  45.2     |
|  455      |  0.9941   |  0.5665   |  2.605    |  0.9608   |  0.4776   |  5.536    |  32.52    |  87.7     |
|  456      |  0.991    |  0.7378   |  4.26     |  0.4976   |  5.975    |  0.2849   |  29.38    |  42.2     |
|  457      |  0.9941   |  0.6009   |  3.208    |  0.8842   |  0.4307   |  4.191    |  33.15    |  87.76    |
|  458      |  0.9936   |  0.4119   |  3.156    |  0.671    |  1.282    |  1.334    |  29.87    |  110.1    |
|  459      |  0.9941   |  0.4551   |  4.658    |  0.8675   |  0.5767   |  0.3149   |  83.04    |  93.58    |
|  460      |  0.9941   |  0.8535   |  2.004    |  0.9559   |  2.324    |  1.514    |  95.84    |  246.2    |
|  461      |  0.994    |  0.4325   |  2.231    |  0.7924   |  1.825    |  5.364    |  26.26    |  166.1    |
|  462      |  0.994    |  0.4345   |  4.987    |  0.8006   |  2.324    |  1.979    |  28.93    |  43.13    |
|  463      |  0.9936   |  0.4731   |  1.905    |  0.6245   |  1.394    |  0.9229   |  95.66    |  246.7    |
|  464      |  0.991    |  0.8351   |  3.878    |  0.4644   |  1.44     |  4.074    |  32.55    |  88.13    |
|  465      |  0.9941   |  0.7333   |  5.474    |  0.9343   |  2.423    |  2.789    |  28.48    |  110.9    |
|  466      |  0.9936   |  0.7952   |  3.482    |  0.6377   |  7.061    |  2.219    |  28.77    |  42.29    |
|  467      |  0.9941   |  0.9071   |  2.393    |  0.9035   |  5.736    |  5.299    |  7.167    |  107.5    |
|  468      |  0.9936   |  0.6979   |  3.407    |  0.6746   |  4.777    |  0.5339   |  30.41    |  44.7     |
|  469      |  0.9937   |  0.9524   |  3.503    |  0.53     |  0.6775   |  7.362    |  28.31    |  82.99    |
|  470      |  0.9937   |  0.9202   |  5.092    |  0.5909   |  0.1007   |  4.382    |  31.76    |  86.59    |
|  471      |  0.994    |  0.7979   |  6.267    |  0.918    |  2.945    |  6.287    |  91.95    |  65.64    |
|  472      |  0.9941   |  0.9316   |  5.238    |  0.968    |  3.22     |  2.071    |  29.38    |  42.62    |
|  473      |  0.9908   |  0.4907   |  4.917    |  0.4177   |  0.4433   |  4.918    |  31.5     |  87.46    |
|  474      |  0.9935   |  0.4952   |  3.403    |  0.5532   |  3.08     |  7.098    |  28.81    |  85.81    |
|  475      |  0.994    |  0.6208   |  1.712    |  0.8195   |  5.258    |  0.6853   |  45.0     |  58.42    |
|  476      |  0.9941   |  0.9992   |  6.036    |  0.8982   |  4.303    |  2.538    |  6.64     |  104.7    |
|  477      |  0.9941   |  0.505    |  1.083    |  0.8412   |  2.39     |  2.165    |  12.91    |  114.8    |
|  478      |  0.994    |  0.7261   |  2.062    |  0.9449   |  6.768    |  1.082    |  28.92    |  44.52    |
|  479      |  0.9936   |  0.8283   |  2.449    |  0.7169   |  3.594    |  7.552    |  47.03    |  219.0    |
|  480      |  0.9911   |  0.8648   |  5.9      |  0.433    |  0.7981   |  0.5345   |  65.99    |  24.19    |
|  481      |  0.9938   |  0.4421   |  2.71     |  0.9363   |  6.929    |  7.875    |  39.24    |  119.6    |
|  482      |  0.994    |  0.7175   |  5.54     |  0.8229   |  6.285    |  7.438    |  14.49    |  18.74    |
|  483      |  0.994    |  0.884    |  6.006    |  0.9717   |  7.581    |  1.405    |  91.9     |  190.7    |
|  484      |  0.9935   |  0.6197   |  5.55     |  0.6086   |  5.11     |  8.381    |  25.65    |  245.3    |
|  485      |  0.9936   |  0.7969   |  3.161    |  0.5286   |  2.355    |  2.514    |  62.95    |  62.9     |
|  486      |  0.9936   |  0.5687   |  1.651    |  0.5126   |  2.366    |  2.354    |  95.3     |  246.9    |
|  487      |  0.994    |  0.4167   |  2.624    |  0.7819   |  2.321    |  2.639    |  86.63    |  116.7    |
|  488      |  0.9936   |  0.8947   |  2.056    |  0.6232   |  7.095    |  2.709    |  9.648    |  58.44    |
|  489      |  0.9934   |  0.517    |  6.539    |  0.6636   |  6.903    |  9.159    |  68.54    |  152.5    |
|  490      |  0.9941   |  0.8513   |  4.776    |  0.9998   |  4.122    |  0.6011   |  19.32    |  237.3    |
|  491      |  0.994    |  0.7957   |  1.228    |  0.9834   |  6.326    |  3.512    |  82.24    |  74.47    |
|  492      |  0.994    |  0.7873   |  2.191    |  0.9047   |  2.371    |  6.393    |  86.6     |  229.2    |
|  493      |  0.994    |  0.7264   |  3.298    |  0.9379   |  6.113    |  8.265    |  59.69    |  27.76    |
|  494      |  0.9936   |  0.7723   |  1.949    |  0.7367   |  1.182    |  4.418    |  78.77    |  253.4    |
|  495      |  0.9941   |  0.7225   |  5.562    |  0.831    |  0.8868   |  5.65     |  31.7     |  82.48    |
|  496      |  0.9937   |  0.9541   |  6.903    |  0.7034   |  4.107    |  9.603    |  5.109    |  74.89    |
|  497      |  0.9899   |  0.6328   |  6.258    |  0.4802   |  8.075    |  8.835    |  13.65    |  100.5    |
|  498      |  0.9936   |  0.984    |  2.99     |  0.5489   |  6.418    |  1.962    |  16.17    |  182.3    |
|  499      |  0.994    |  0.4968   |  3.196    |  0.8256   |  3.128    |  1.171    |  32.4     |  41.26    |
|  500      |  0.9934   |  0.4512   |  6.431    |  0.6437   |  5.735    |  5.314    |  26.97    |  49.3     |
|  501      |  0.9902   |  0.5997   |  6.149    |  0.4906   |  9.235    |  2.849    |  94.75    |  18.23    |
|  502      |  0.9936   |  0.5409   |  4.476    |  0.5591   |  2.249    |  1.352    |  33.45    |  42.44    |
|  503      |  0.9903   |  0.4298   |  2.484    |  0.4222   |  6.063    |  0.2619   |  30.38    |  45.47    |
|  504      |  0.9936   |  0.5458   |  1.582    |  0.6298   |  2.85     |  2.469    |  27.94    |  46.85    |
|  505      |  0.9942   |  0.8842   |  4.771    |  0.9875   |  0.3594   |  4.702    |  27.34    |  165.3    |
|  506      |  0.9941   |  0.7329   |  4.827    |  0.8848   |  1.17     |  4.96     |  32.28    |  85.55    |
|  507      |  0.9939   |  0.9334   |  4.0      |  0.9482   |  2.429    |  2.627    |  11.01    |  10.54    |
|  508      |  0.9936   |  0.4057   |  2.823    |  0.5783   |  0.2024   |  5.942    |  31.14    |  86.64    |
|  509      |  0.994    |  0.6298   |  6.703    |  0.8529   |  4.772    |  0.08113  |  28.19    |  110.7    |
|  510      |  0.9941   |  0.8115   |  2.713    |  0.9707   |  2.107    |  3.906    |  26.04    |  166.3    |
|  511      |  0.9941   |  0.7346   |  2.089    |  0.7966   |  1.145    |  3.907    |  24.95    |  166.9    |
|  512      |  0.991    |  0.7146   |  2.24     |  0.4994   |  0.6252   |  3.889    |  25.5     |  166.5    |
|  513      |  0.9936   |  0.8358   |  6.672    |  0.5847   |  4.801    |  1.84     |  27.07    |  100.6    |
|  514      |  0.9938   |  0.4468   |  5.653    |  0.8855   |  8.448    |  0.3681   |  71.35    |  149.7    |
|  515      |  0.991    |  0.7466   |  6.7      |  0.4179   |  3.17     |  0.8554   |  26.95    |  109.6    |
|  516      |  0.9939   |  0.4702   |  3.293    |  0.9668   |  5.904    |  0.03867  |  78.63    |  71.19    |
|  517      |  0.9905   |  0.7636   |  3.773    |  0.4398   |  4.031    |  7.439    |  88.11    |  114.1    |
|  518      |  0.9933   |  0.8078   |  2.396    |  0.5586   |  8.023    |  1.514    |  10.55    |  14.5     |
|  519      |  0.9942   |  0.8733   |  5.149    |  0.7795   |  0.2649   |  0.02365  |  28.74    |  111.1    |
|  520      |  0.9936   |  0.6718   |  4.79     |  0.6314   |  3.175    |  1.658    |  76.14    |  71.95    |
|  521      |  0.9937   |  0.9552   |  6.123    |  0.6985   |  3.877    |  0.5277   |  70.47    |  243.4    |
|  522      |  0.9936   |  0.6016   |  3.023    |  0.5461   |  4.462    |  5.479    |  63.83    |  201.3    |
|  523      |  0.9935   |  0.8603   |  1.17     |  0.5838   |  9.573    |  8.911    |  61.05    |  205.3    |
|  524      |  0.9912   |  0.5627   |  2.275    |  0.7812   |  5.139    |  9.222    |  56.28    |  4.323    |
|  525      |  0.9897   |  0.426    |  3.989    |  0.45     |  5.442    |  7.652    |  21.61    |  230.5    |
|  526      |  0.9935   |  0.6901   |  2.922    |  0.6906   |  8.553    |  4.129    |  35.66    |  224.4    |
|  527      |  0.9941   |  0.9676   |  2.127    |  0.9363   |  2.853    |  1.576    |  67.68    |  177.8    |
|  528      |  0.994    |  0.5654   |  5.227    |  0.9659   |  2.724    |  2.374    |  54.76    |  247.1    |
|  529      |  0.994    |  0.7387   |  1.297    |  0.9833   |  6.359    |  7.279    |  38.62    |  120.4    |
|  530      |  0.994    |  0.8585   |  4.597    |  0.9527   |  8.474    |  6.849    |  21.59    |  227.0    |
|  531      |  0.9936   |  0.8012   |  4.707    |  0.7004   |  6.446    |  8.967    |  24.47    |  246.4    |
|  532      |  0.9936   |  0.9151   |  3.847    |  0.7198   |  0.5064   |  8.98     |  82.69    |  241.4    |
|  533      |  0.994    |  0.8443   |  3.124    |  0.9147   |  8.052    |  0.6354   |  71.94    |  102.8    |
|  534      |  0.9911   |  0.5245   |  6.54     |  0.4505   |  3.996    |  0.8225   |  70.0     |  44.28    |
|  535      |  0.9911   |  0.6673   |  1.291    |  0.4574   |  3.195    |  0.8556   |  23.34    |  226.5    |
|  536      |  0.9905   |  0.9181   |  2.403    |  0.4984   |  9.712    |  6.196    |  37.5     |  207.6    |
|  537      |  0.9935   |  0.642    |  3.762    |  0.548    |  7.409    |  8.104    |  42.87    |  117.7    |
|  538      |  0.9934   |  0.4957   |  1.568    |  0.5582   |  8.533    |  9.357    |  26.74    |  92.14    |
|  539      |  0.9899   |  0.7748   |  2.506    |  0.4391   |  5.92     |  9.726    |  59.13    |  10.09    |
|  540      |  0.9941   |  0.8174   |  4.397    |  0.9037   |  3.33     |  2.61     |  92.43    |  157.1    |
|  541      |  0.991    |  0.6115   |  5.734    |  0.4766   |  0.6197   |  2.501    |  27.99    |  74.89    |
|  542      |  0.9934   |  0.4375   |  1.696    |  0.6688   |  7.852    |  6.336    |  10.84    |  139.6    |
|  543      |  0.9936   |  0.6882   |  2.897    |  0.5322   |  2.211    |  7.634    |  35.04    |  30.59    |
|  544      |  0.9939   |  0.7123   |  4.013    |  0.8512   |  8.374    |  6.86     |  19.58    |  246.4    |
|  545      |  0.9935   |  0.4479   |  6.229    |  0.7277   |  3.708    |  6.305    |  49.43    |  35.67    |
|  546      |  0.9938   |  0.4001   |  5.816    |  0.7874   |  9.051    |  7.394    |  29.18    |  194.6    |
|  547      |  0.994    |  0.7269   |  6.613    |  0.9624   |  6.468    |  9.355    |  38.48    |  63.59    |
|  548      |  0.9936   |  0.9629   |  1.527    |  0.559    |  1.36     |  7.421    |  67.6     |  117.2    |
|  549      |  0.994    |  0.5577   |  4.679    |  0.837    |  2.328    |  4.172    |  63.17    |  33.9     |
|  550      |  0.9935   |  0.6435   |  5.458    |  0.6323   |  4.323    |  6.934    |  41.86    |  235.3    |
=============================================================================================================

BEST HYPERPARAMETERS:
|  519      |  0.9942   |  0.8733   |  5.149    |  0.7795   |  0.2649   |  0.02365  |  28.74    |  111.1    |