HYPERPARAMETERS OF EACH ITERATION:
|   iter    |  target   | baggin... | baggin... | featur... | lambda_l1 | lambda_l2 | min_ch... | num_le... |
-------------------------------------------------------------------------------------------------------------
|  1        |  0.9939   |  0.6247   |  6.704    |  0.8392   |  5.987    |  1.56     |  19.82    |  16.75    |
|  2        |  0.994    |  0.9197   |  4.607    |  0.8248   |  0.2058   |  9.699    |  84.08    |  55.93    |
|  3        |  0.9932   |  0.5091   |  2.1      |  0.5825   |  5.248    |  4.319    |  32.67    |  157.4    |
|  4        |  0.9932   |  0.4837   |  2.753    |  0.6198   |  4.561    |  7.852    |  23.97    |  132.6    |
|  5        |  0.9941   |  0.7554   |  1.279    |  0.7645   |  1.705    |  0.6505   |  95.14    |  247.3    |
|  6        |  0.9892   |  0.885    |  2.828    |  0.4586   |  6.842    |  4.402    |  16.59    |  127.8    |
|  7        |  0.993    |  0.4206   |  6.456    |  0.5553   |  6.625    |  3.117    |  54.41    |  140.9    |
|  8        |  0.9937   |  0.5109   |  6.818    |  0.8651   |  9.395    |  8.948    |  61.8     |  236.2    |
|  9        |  0.9889   |  0.4531   |  2.176    |  0.4271   |  3.253    |  3.887    |  30.78    |  212.5    |
|  10       |  0.9933   |  0.6141   |  2.686    |  0.7256   |  1.409    |  8.022    |  12.08    |  252.7    |
|  11       |  0.989    |  0.8633   |  2.192    |  0.4033   |  8.155    |  7.069    |  74.26    |  197.9    |
|  12       |  0.9889   |  0.4444   |  3.151    |  0.4695   |  8.631    |  6.233    |  36.44    |  18.14    |
|  13       |  0.9938   |  0.5866   |  2.951    |  0.8378   |  6.376    |  8.872    |  49.86    |  32.38    |
|  14       |  0.9931   |  0.8279   |  5.565    |  0.7368   |  7.71     |  4.938    |  54.66    |  110.6    |
|  15       |  0.9889   |  0.4153   |  1.647    |  0.4189   |  6.364    |  3.144    |  53.31    |  232.5    |
|  16       |  0.9941   |  0.5496   |  3.462    |  0.8533   |  2.288    |  0.7698   |  32.53    |  42.95    |
|  17       |  0.9939   |  0.9578   |  5.849    |  0.78     |  8.715    |  8.037    |  22.72    |  228.7    |
|  18       |  0.9941   |  0.7236   |  5.845    |  0.9377   |  3.18     |  1.101    |  26.65    |  110.5    |
|  19       |  0.989    |  0.8908   |  6.164    |  0.4042   |  5.107    |  4.174    |  26.1     |  32.45    |
|  20       |  0.9932   |  0.6026   |  6.657    |  0.5939   |  5.188    |  7.03     |  39.54    |  248.8    |
|  21       |  0.9934   |  0.9775   |  2.511    |  0.6983   |  3.009    |  2.848    |  8.504    |  156.8    |
|  22       |  0.9932   |  0.7016   |  1.309    |  0.5672   |  9.083    |  2.396    |  18.77    |  126.3    |
|  23       |  0.994    |  0.9914   |  2.452    |  0.8033   |  7.616    |  2.376    |  74.18    |  95.42    |
|  24       |  0.9934   |  0.7794   |  4.801    |  0.7215   |  0.9029   |  8.353    |  35.47    |  49.38    |
|  25       |  0.9941   |  0.4245   |  4.545    |  0.8065   |  0.1659   |  5.121    |  26.52    |  165.9    |
|  26       |  0.9931   |  0.5046   |  5.146    |  0.632    |  9.367    |  1.375    |  37.4     |  30.82    |
|  27       |  0.9932   |  0.9548   |  6.264    |  0.5548   |  6.6      |  8.172    |  57.74    |  136.5    |
|  28       |  0.9938   |  0.5451   |  1.559    |  0.9383   |  9.004    |  6.331    |  37.21    |  90.7     |
|  29       |  0.9939   |  0.8356   |  6.383    |  0.9323   |  7.799    |  6.42     |  12.99    |  43.05    |
|  30       |  0.9891   |  0.9391   |  4.639    |  0.4055   |  1.015    |  6.635    |  5.481    |  42.85    |
|  31       |  0.994    |  0.7292   |  5.151    |  0.7912   |  2.243    |  7.122    |  27.54    |  84.65    |
|  32       |  0.994    |  0.8479   |  4.898    |  0.9095   |  6.576    |  5.683    |  13.9     |  95.4     |
|  33       |  0.9939   |  0.5591   |  2.464    |  0.9838   |  3.931    |  8.92     |  64.96    |  203.9    |
|  34       |  0.9927   |  0.7016   |  4.461    |  0.6955   |  1.952    |  7.225    |  31.67    |  8.176    |
|  35       |  0.9925   |  0.7873   |  2.063    |  0.9643   |  9.539    |  9.149    |  40.17    |  5.926    |
|  36       |  0.9939   |  0.957    |  3.569    |  0.98     |  9.636    |  8.53     |  32.97    |  99.81    |
|  37       |  0.9932   |  0.9107   |  2.902    |  0.5017   |  5.568    |  9.362    |  71.12    |  146.8    |
|  38       |  0.9939   |  0.4583   |  4.69     |  0.994    |  1.401    |  5.183    |  88.35    |  190.2    |
|  39       |  0.9932   |  0.8182   |  5.215    |  0.6157   |  2.936    |  8.094    |  81.96    |  222.2    |
|  40       |  0.9932   |  0.9479   |  4.068    |  0.7009   |  7.983    |  6.5      |  71.69    |  204.1    |
|  41       |  0.9934   |  0.934    |  3.028    |  0.6253   |  0.9398   |  5.783    |  8.415    |  120.3    |
|  42       |  0.9941   |  0.7256   |  2.719    |  0.7545   |  0.305    |  0.3735   |  83.15    |  93.49    |
|  43       |  0.9939   |  0.4762   |  4.133    |  0.862    |  2.158    |  6.229    |  13.11    |  15.13    |
|  44       |  0.9939   |  0.7188   |  4.244    |  0.7825   |  7.261    |  9.759    |  54.05    |  84.03    |
|  45       |  0.9934   |  0.8771   |  2.625    |  0.6634   |  0.7846   |  0.2535   |  96.45    |  214.3    |
|  46       |  0.9933   |  0.8176   |  3.454    |  0.504    |  1.564    |  2.502    |  57.18    |  183.5    |
|  47       |  0.9939   |  0.7961   |  2.68     |  0.9729   |  7.379    |  5.544    |  63.11    |  108.6    |
|  48       |  0.9941   |  0.5486   |  3.136    |  0.8547   |  0.1439   |  1.161    |  9.37     |  12.35    |
|  49       |  0.9934   |  0.9133   |  5.222    |  0.6845   |  0.9783   |  4.916    |  49.98    |  45.99    |
|  50       |  0.994    |  0.6603   |  3.391    |  0.7695   |  6.351    |  0.453    |  40.59    |  161.0    |
|  51       |  0.9929   |  0.4562   |  3.368    |  0.6869   |  6.721    |  6.54     |  91.1     |  215.0    |
|  52       |  0.9937   |  0.4386   |  1.654    |  0.9378   |  8.499    |  7.519    |  31.5     |  128.4    |
|  53       |  0.9939   |  0.6554   |  3.045    |  0.9429   |  4.725    |  9.426    |  33.24    |  174.8    |
|  54       |  0.994    |  0.9991   |  1.307    |  0.8695   |  7.423    |  7.924    |  38.18    |  120.0    |
|  55       |  0.9936   |  0.7336   |  6.422    |  0.7971   |  2.305    |  9.661    |  42.63    |  9.026    |
|  56       |  0.994    |  0.8855   |  2.156    |  0.9105   |  6.51     |  6.631    |  9.864    |  108.4    |
|  57       |  0.9939   |  0.8258   |  4.789    |  0.8811   |  6.739    |  8.448    |  25.48    |  245.8    |
|  58       |  0.9937   |  0.4715   |  6.702    |  0.981    |  9.533    |  9.249    |  27.46    |  109.0    |
|  59       |  0.994    |  0.9858   |  5.199    |  0.9417   |  4.447    |  4.08     |  27.84    |  47.48    |
|  60       |  0.9931   |  0.657    |  2.964    |  0.7105   |  9.814    |  0.1684   |  89.61    |  133.9    |
|  61       |  0.9932   |  0.4039   |  3.898    |  0.5745   |  5.863    |  5.109    |  20.17    |  247.5    |
|  62       |  0.9941   |  0.8666   |  5.286    |  0.7591   |  0.26     |  4.421    |  59.09    |  173.6    |
|  63       |  0.9889   |  0.6024   |  6.795    |  0.4568   |  4.716    |  9.729    |  60.35    |  200.8    |
|  64       |  0.9939   |  0.7695   |  2.554    |  0.9049   |  5.583    |  8.138    |  50.04    |  32.92    |
|  65       |  0.9939   |  0.5231   |  5.007    |  0.8048   |  3.034    |  2.934    |  10.86    |  11.99    |
|  66       |  0.9941   |  0.8584   |  2.929    |  0.8459   |  3.889    |  1.406    |  29.92    |  47.54    |
|  67       |  0.994    |  0.4777   |  4.732    |  0.9611   |  3.966    |  0.8324   |  28.58    |  42.75    |
|  68       |  0.9934   |  0.7785   |  3.258    |  0.6247   |  2.351    |  5.228    |  29.48    |  44.43    |
|  69       |  0.9938   |  0.4937   |  3.843    |  0.8744   |  9.004    |  0.9557   |  28.82    |  44.41    |
|  70       |  0.9932   |  0.5249   |  6.455    |  0.6359   |  5.976    |  1.449    |  33.77    |  46.58    |
|  71       |  0.9933   |  0.7073   |  2.52     |  0.5674   |  2.171    |  1.059    |  12.82    |  17.77    |
|  72       |  0.994    |  0.8522   |  1.326    |  0.9959   |  4.384    |  3.381    |  79.57    |  94.18    |
|  73       |  0.9931   |  0.5364   |  2.271    |  0.6477   |  4.521    |  1.759    |  85.92    |  95.82    |
|  74       |  0.9941   |  0.5739   |  2.783    |  0.7874   |  0.9348   |  0.5345   |  77.59    |  92.41    |
|  75       |  0.994    |  0.4554   |  6.64     |  0.889    |  0.6374   |  2.726    |  78.38    |  96.51    |
|  76       |  0.9932   |  0.5563   |  5.396    |  0.531    |  3.677    |  5.0      |  73.66    |  91.55    |
|  77       |  0.994    |  0.5812   |  4.768    |  0.9476   |  4.21     |  3.932    |  30.72    |  171.2    |
|  78       |  0.9934   |  0.7012   |  3.865    |  0.6366   |  0.9396   |  7.832    |  32.3     |  166.7    |
|  79       |  0.9939   |  0.5078   |  3.105    |  0.9254   |  6.78     |  7.14     |  12.57    |  101.6    |
|  80       |  0.9934   |  0.898    |  4.035    |  0.6977   |  0.9206   |  7.715    |  25.73    |  173.6    |
|  81       |  0.9933   |  0.7717   |  1.048    |  0.5002   |  2.094    |  7.612    |  68.89    |  207.4    |
|  82       |  0.994    |  0.4853   |  1.981    |  0.9629   |  3.242    |  0.1142   |  75.88    |  101.4    |
|  83       |  0.9932   |  0.7035   |  4.938    |  0.6113   |  7.542    |  4.368    |  27.22    |  103.0    |
|  84       |  0.9932   |  0.9526   |  3.058    |  0.6977   |  7.256    |  5.109    |  31.48    |  114.2    |
|  85       |  0.9932   |  0.9155   |  5.553    |  0.732    |  7.955    |  2.916    |  77.82    |  100.9    |
|  86       |  0.9934   |  0.6174   |  1.748    |  0.5678   |  0.3286   |  0.6663   |  74.6     |  97.15    |
|  87       |  0.9892   |  0.4682   |  6.797    |  0.4688   |  0.1091   |  1.927    |  82.87    |  89.33    |
|  88       |  0.9931   |  0.5597   |  2.765    |  0.661    |  5.693    |  0.7879   |  78.02    |  96.52    |
|  89       |  0.9941   |  0.5557   |  1.167    |  0.85     |  0.1041   |  2.734    |  81.73    |  95.76    |
|  90       |  0.994    |  0.5527   |  2.74     |  0.9891   |  5.712    |  1e-08    |  24.64    |  47.34    |
|  91       |  0.9889   |  0.4503   |  5.799    |  0.4965   |  5.948    |  3.192    |  27.35    |  166.1    |
|  92       |  0.9934   |  0.9989   |  4.017    |  0.7327   |  0.8933   |  1.418    |  81.6     |  98.6     |
|  93       |  0.9931   |  0.4321   |  2.457    |  0.6244   |  5.083    |  3.084    |  32.09    |  175.9    |
|  94       |  0.9933   |  0.9013   |  1.619    |  0.6112   |  7.612    |  3.618    |  25.93    |  46.61    |
|  95       |  0.994    |  0.8911   |  3.735    |  0.9281   |  4.789    |  4.498    |  17.25    |  13.05    |
|  96       |  0.9941   |  0.8959   |  5.507    |  0.8172   |  0.7707   |  7.261    |  31.49    |  174.3    |
|  97       |  0.9938   |  0.4129   |  2.28     |  0.9159   |  0.3772   |  5.011    |  13.06    |  10.68    |
|  98       |  0.9931   |  0.5978   |  5.888    |  0.6619   |  0.7794   |  0.4489   |  18.58    |  14.09    |
|  99       |  0.9933   |  0.8337   |  6.968    |  0.6234   |  4.687    |  7.141    |  35.48    |  172.9    |
|  100      |  0.9934   |  0.6167   |  5.714    |  0.6826   |  0.1816   |  1.892    |  25.57    |  49.49    |
|  101      |  0.9934   |  0.7613   |  1.529    |  0.7195   |  1.764    |  7.005    |  32.6     |  171.9    |
|  102      |  0.9932   |  0.6086   |  3.085    |  0.7216   |  1.926    |  6.213    |  77.5     |  97.85    |
|  103      |  0.994    |  0.8051   |  2.013    |  0.8496   |  1.612    |  7.107    |  8.248    |  12.67    |
|  104      |  0.9937   |  0.5646   |  3.443    |  0.9188   |  7.136    |  7.206    |  12.33    |  11.74    |
|  105      |  0.9891   |  0.9217   |  5.962    |  0.4673   |  8.151    |  5.585    |  15.52    |  18.08    |
|  106      |  0.9893   |  0.6343   |  1.082    |  0.4061   |  2.872    |  8.837    |  16.18    |  11.75    |
|  107      |  0.9928   |  0.7812   |  3.5      |  0.6186   |  0.4678   |  2.451    |  6.653    |  9.752    |
|  108      |  0.994    |  0.9418   |  4.627    |  0.8391   |  7.067    |  0.8014   |  27.99    |  49.19    |
|  109      |  0.994    |  0.7902   |  2.326    |  0.8326   |  1.434    |  4.665    |  10.41    |  14.53    |
|  110      |  0.9941   |  0.472    |  1.911    |  0.7675   |  1.531    |  0.3242   |  25.76    |  45.53    |
|  111      |  0.9942   |  0.9834   |  4.268    |  0.923    |  0.05423  |  2.109    |  29.59    |  172.8    |
|  112      |  0.9927   |  0.7633   |  3.874    |  0.6819   |  5.644    |  0.6199   |  19.84    |  10.14    |
|  113      |  0.9939   |  0.5736   |  1.729    |  0.8866   |  2.983    |  0.1527   |  14.02    |  11.23    |
|  114      |  0.9942   |  0.6974   |  6.607    |  0.8266   |  1.048    |  0.08191  |  29.66    |  44.64    |
|  115      |  0.994    |  0.6947   |  6.771    |  0.8627   |  4.458    |  9.44     |  29.56    |  175.5    |
|  116      |  0.994    |  0.7436   |  6.496    |  0.8933   |  2.116    |  9.127    |  32.53    |  179.0    |
|  117      |  0.994    |  0.6658   |  1.42     |  0.7988   |  5.383    |  4.152    |  8.593    |  103.7    |
|  118      |  0.9932   |  0.9629   |  2.681    |  0.5076   |  8.708    |  4.339    |  13.4     |  106.3    |
|  119      |  0.9939   |  0.6003   |  5.892    |  0.8184   |  5.379    |  7.951    |  9.843    |  105.0    |
|  120      |  0.994    |  0.4238   |  3.245    |  0.878    |  2.072    |  8.157    |  8.686    |  101.1    |
|  121      |  0.994    |  0.7966   |  5.988    |  0.9979   |  5.757    |  7.288    |  7.67     |  99.03    |
|  122      |  0.994    |  0.4214   |  4.992    |  0.9803   |  0.9151   |  4.327    |  8.656    |  106.4    |
|  123      |  0.994    |  0.4001   |  6.363    |  0.7999   |  3.106    |  2.269    |  12.62    |  99.32    |
|  124      |  0.994    |  0.537    |  3.146    |  0.9004   |  1.622    |  7.121    |  12.11    |  97.11    |
|  125      |  0.9892   |  0.9516   |  5.522    |  0.4024   |  2.563    |  2.973    |  6.352    |  100.5    |
|  126      |  0.9933   |  0.5086   |  5.862    |  0.7437   |  1.962    |  7.167    |  14.55    |  101.0    |
|  127      |  0.9891   |  0.6881   |  2.811    |  0.4535   |  1.483    |  7.73     |  10.74    |  105.4    |
|  128      |  0.9932   |  0.9673   |  4.919    |  0.6634   |  6.551    |  7.829    |  10.01    |  96.87    |
|  129      |  0.994    |  0.4513   |  1.973    |  0.7505   |  1.37     |  2.267    |  12.46    |  13.14    |
|  130      |  0.994    |  0.6308   |  5.544    |  0.8068   |  3.068    |  2.776    |  25.7     |  44.75    |
|  131      |  0.9939   |  0.4      |  1.166    |  1.0      |  4.073    |  3.772    |  10.31    |  11.76    |
|  132      |  0.9939   |  0.5182   |  5.218    |  0.7824   |  7.309    |  5.273    |  10.07    |  104.1    |
|  133      |  0.994    |  0.8913   |  4.042    |  0.8177   |  6.817    |  8.383    |  9.122    |  101.5    |
|  134      |  0.9941   |  0.8501   |  6.902    |  0.886    |  1.974    |  3.335    |  32.11    |  172.9    |
|  135      |  0.989    |  0.6693   |  5.451    |  0.4231   |  2.437    |  3.679    |  29.87    |  175.0    |
|  136      |  0.9934   |  0.7815   |  2.676    |  0.5222   |  3.726    |  1.287    |  28.32    |  44.87    |
|  137      |  0.994    |  0.7267   |  5.382    |  0.8662   |  4.914    |  0.6721   |  26.29    |  49.1     |
|  138      |  0.989    |  0.4881   |  2.62     |  0.4939   |  2.185    |  2.274    |  78.19    |  94.84    |
|  139      |  0.9889   |  0.6266   |  6.5      |  0.499    |  2.994    |  3.304    |  27.51    |  45.66    |
|  140      |  0.9941   |  0.8037   |  5.66     |  0.8697   |  0.4473   |  4.78     |  8.11     |  106.2    |
|  141      |  0.9933   |  0.5081   |  5.975    |  0.6747   |  2.057    |  2.948    |  33.1     |  172.9    |
|  142      |  0.9929   |  0.8948   |  2.273    |  0.6601   |  2.991    |  0.1746   |  12.66    |  11.33    |
|  143      |  0.9933   |  0.8049   |  3.953    |  0.5364   |  6.12     |  1.054    |  27.24    |  50.01    |
|  144      |  0.9933   |  0.6222   |  1.577    |  0.6794   |  1.32     |  1.08     |  82.32    |  94.31    |
|  145      |  0.9941   |  0.8783   |  3.283    |  0.806    |  1.182    |  6.139    |  11.5     |  14.58    |
|  146      |  0.9939   |  0.4098   |  5.466    |  0.8548   |  5.744    |  0.9279   |  27.66    |  49.5     |
|  147      |  0.9939   |  0.4361   |  3.914    |  0.8231   |  4.949    |  8.093    |  8.83     |  101.4    |
|  148      |  0.9933   |  0.8461   |  5.005    |  0.5482   |  5.2      |  8.991    |  9.519    |  103.8    |
|  149      |  0.994    |  0.6494   |  6.075    |  0.8819   |  6.472    |  0.5388   |  25.43    |  48.3     |
|  150      |  0.9932   |  0.7316   |  5.603    |  0.7419   |  5.884    |  2.559    |  26.57    |  48.09    |
|  151      |  0.994    |  0.5989   |  4.045    |  0.9858   |  2.87     |  1.695    |  25.1     |  44.64    |
|  152      |  0.994    |  0.9116   |  1.494    |  0.8363   |  1.325    |  5.768    |  12.2     |  14.24    |
|  153      |  0.9931   |  0.5255   |  3.338    |  0.509    |  2.692    |  7.146    |  11.12    |  14.96    |
|  154      |  0.9932   |  0.7403   |  4.049    |  0.7      |  6.106    |  6.701    |  10.71    |  100.5    |
|  155      |  0.994    |  0.5536   |  3.158    |  0.9451   |  1.818    |  3.703    |  13.05    |  12.95    |
|  156      |  0.9933   |  0.9179   |  4.052    |  0.6196   |  4.982    |  0.7424   |  24.67    |  45.44    |
|  157      |  0.9895   |  0.8715   |  1.249    |  0.4799   |  2.008    |  5.127    |  11.09    |  11.98    |
|  158      |  0.9933   |  0.4856   |  1.897    |  0.737    |  1.977    |  1.42     |  33.56    |  42.74    |
|  159      |  0.994    |  0.5338   |  3.792    |  0.8082   |  3.628    |  7.428    |  8.236    |  99.4     |
|  160      |  0.994    |  0.4855   |  2.904    |  0.905    |  0.4896   |  4.775    |  11.41    |  16.6     |
|  161      |  0.994    |  0.7542   |  4.852    |  0.8822   |  4.401    |  2.548    |  24.17    |  45.48    |
|  162      |  0.9941   |  0.6941   |  4.026    |  0.8596   |  1.852    |  2.269    |  24.78    |  46.86    |
|  163      |  0.9931   |  0.6399   |  2.222    |  0.7286   |  0.8208   |  6.887    |  14.19    |  15.41    |
|  164      |  0.9941   |  0.629    |  3.257    |  0.7942   |  0.6826   |  3.826    |  9.529    |  15.2     |
|  165      |  0.9933   |  0.7987   |  5.741    |  0.6085   |  4.38     |  8.151    |  8.416    |  100.6    |
|  166      |  0.9933   |  0.7669   |  3.246    |  0.6652   |  3.953    |  0.7104   |  30.33    |  42.21    |
|  167      |  0.9938   |  0.4245   |  2.863    |  0.9226   |  5.875    |  8.664    |  8.576    |  99.68    |
|  168      |  0.9939   |  0.4184   |  3.298    |  0.9133   |  4.539    |  2.472    |  26.14    |  45.53    |
|  169      |  0.9932   |  0.5162   |  4.869    |  0.7113   |  1.702    |  3.163    |  11.46    |  16.11    |
|  170      |  0.9894   |  0.5772   |  2.958    |  0.4421   |  0.088    |  3.526    |  11.17    |  14.03    |
|  171      |  0.9891   |  0.4691   |  2.594    |  0.4477   |  1.576    |  4.392    |  12.78    |  15.68    |
|  172      |  0.994    |  0.9571   |  4.54     |  0.8668   |  6.115    |  9.609    |  9.681    |  102.0    |
|  173      |  0.9941   |  0.7449   |  2.484    |  0.778    |  2.662    |  1.518    |  29.7     |  47.27    |
|  174      |  0.9934   |  0.8772   |  2.773    |  0.5572   |  2.794    |  9.223    |  8.954    |  100.9    |
|  175      |  0.9933   |  0.6924   |  4.257    |  0.6842   |  5.685    |  2.037    |  25.29    |  46.03    |
|  176      |  0.994    |  0.6067   |  1.769    |  0.9489   |  1.464    |  3.942    |  10.02    |  16.42    |
|  177      |  0.9933   |  0.5963   |  3.359    |  0.5336   |  3.53     |  8.821    |  8.821    |  99.22    |
|  178      |  0.9941   |  0.9674   |  3.188    |  0.9812   |  5.025    |  0.8387   |  25.8     |  47.95    |
|  179      |  0.994    |  0.7073   |  4.227    |  0.9185   |  3.518    |  3.658    |  24.4     |  45.59    |
|  180      |  0.994    |  0.4059   |  4.104    |  0.929    |  3.284    |  0.1169   |  24.81    |  46.47    |
|  181      |  0.9931   |  0.5549   |  3.057    |  0.6289   |  0.4299   |  4.49     |  7.461    |  15.62    |
|  182      |  0.9941   |  0.7721   |  2.438    |  0.9677   |  1.572    |  3.074    |  9.442    |  17.78    |
|  183      |  0.9934   |  0.5322   |  2.219    |  0.5302   |  1.295    |  1.013    |  27.65    |  46.9     |
|  184      |  0.9933   |  0.428    |  2.824    |  0.6856   |  3.662    |  1.621    |  28.27    |  47.29    |
|  185      |  0.9933   |  0.6074   |  3.017    |  0.5029   |  4.193    |  0.5344   |  25.81    |  45.36    |
|  186      |  0.993    |  0.4387   |  4.823    |  0.6813   |  1.993    |  6.543    |  12.45    |  13.25    |
|  187      |  0.994    |  0.5529   |  2.544    |  0.9009   |  2.26     |  1.99     |  25.98    |  47.52    |
|  188      |  0.9932   |  0.622    |  6.624    |  0.5379   |  7.571    |  0.8379   |  26.08    |  50.0     |
|  189      |  0.9889   |  0.4405   |  4.652    |  0.4469   |  3.69     |  1.983    |  22.33    |  46.03    |
|  190      |  0.9933   |  0.4457   |  1.683    |  0.6477   |  1.654    |  2.828    |  25.87    |  44.87    |
|  191      |  0.9935   |  0.5345   |  2.635    |  0.5313   |  1.24     |  0.4313   |  25.78    |  47.21    |
|  192      |  0.989    |  0.6217   |  4.143    |  0.4043   |  5.531    |  1.279    |  25.51    |  48.49    |
|  193      |  0.989    |  0.6578   |  4.156    |  0.4344   |  7.435    |  3.692    |  9.316    |  79.46    |
|  194      |  0.994    |  0.9753   |  4.204    |  0.7978   |  5.126    |  1.627    |  73.23    |  175.0    |
|  195      |  0.989    |  0.9059   |  2.932    |  0.4093   |  4.15     |  2.813    |  44.14    |  209.5    |
|  196      |  0.9932   |  0.7901   |  4.683    |  0.6897   |  8.1      |  6.702    |  13.26    |  43.64    |
|  197      |  0.9889   |  0.5097   |  3.768    |  0.4657   |  7.604    |  3.539    |  41.26    |  47.09    |
|  198      |  0.9891   |  0.8741   |  1.195    |  0.4369   |  4.819    |  4.734    |  9.137    |  104.5    |
|  199      |  0.994    |  0.7653   |  3.449    |  0.7691   |  2.813    |  8.761    |  9.085    |  99.88    |
|  200      |  0.9933   |  0.423    |  3.454    |  0.6241   |  1.222    |  0.03297  |  54.73    |  28.91    |
|  201      |  0.9932   |  0.5346   |  3.735    |  0.5534   |  3.363    |  6.936    |  50.4     |  213.9    |
|  202      |  0.9931   |  0.4116   |  5.657    |  0.7192   |  0.7769   |  0.5936   |  19.43    |  14.3     |
|  203      |  0.989    |  0.8339   |  6.209    |  0.4401   |  3.453    |  1.433    |  25.88    |  110.0    |
|  204      |  0.9934   |  0.9373   |  2.508    |  0.5063   |  2.64     |  0.1759   |  74.19    |  62.01    |
|  205      |  0.9937   |  0.4715   |  1.882    |  0.7811   |  8.863    |  6.915    |  31.64    |  60.17    |
|  206      |  0.9939   |  0.5541   |  5.935    |  0.8464   |  3.444    |  8.207    |  17.14    |  22.71    |
|  207      |  0.9932   |  0.4296   |  3.981    |  0.6935   |  1.677    |  6.429    |  45.05    |  100.8    |
|  208      |  0.9938   |  0.4735   |  4.979    |  0.7729   |  8.964    |  4.223    |  6.088    |  82.43    |
|  209      |  0.9941   |  0.8208   |  5.919    |  0.9517   |  0.9415   |  6.532    |  27.62    |  171.7    |
|  210      |  0.9941   |  0.5766   |  1.987    |  0.7734   |  0.06354  |  8.228    |  6.528    |  249.7    |
|  211      |  0.9939   |  0.564    |  6.991    |  0.9459   |  8.776    |  1.825    |  11.83    |  213.2    |
|  212      |  0.9937   |  0.5748   |  4.991    |  0.9521   |  8.302    |  9.924    |  71.22    |  157.3    |
|  213      |  0.9937   |  0.4906   |  1.567    |  0.7931   |  9.128    |  8.505    |  30.66    |  248.6    |
|  214      |  0.9938   |  0.5969   |  2.256    |  0.9838   |  8.463    |  8.9      |  32.05    |  22.0     |
|  215      |  0.994    |  0.7638   |  3.834    |  0.9559   |  8.341    |  0.865    |  19.74    |  136.1    |
|  216      |  0.9929   |  0.4046   |  5.159    |  0.5596   |  7.312    |  9.157    |  84.74    |  85.84    |
|  217      |  0.9932   |  0.8248   |  4.505    |  0.6817   |  9.403    |  9.268    |  18.84    |  247.8    |
|  218      |  0.993    |  0.5618   |  1.088    |  0.7354   |  7.464    |  3.068    |  76.41    |  68.19    |
|  219      |  0.9933   |  0.8548   |  4.242    |  0.6487   |  6.692    |  1.169    |  35.41    |  221.2    |
|  220      |  0.9889   |  0.6323   |  4.586    |  0.4919   |  4.098    |  4.783    |  56.84    |  195.0    |
|  221      |  0.993    |  0.4626   |  2.391    |  0.5676   |  8.708    |  2.147    |  69.92    |  50.59    |
|  222      |  0.9941   |  0.7292   |  5.205    |  0.968    |  0.7533   |  1.654    |  97.27    |  56.03    |
|  223      |  0.9933   |  0.9961   |  6.374    |  0.7317   |  2.676    |  5.023    |  85.91    |  101.5    |
|  224      |  0.9931   |  0.7946   |  3.166    |  0.5537   |  9.83     |  7.21     |  56.03    |  251.9    |
|  225      |  0.9931   |  0.5695   |  3.237    |  0.6509   |  6.953    |  0.6088   |  98.06    |  39.59    |
|  226      |  0.9938   |  0.5732   |  1.524    |  0.9824   |  7.289    |  9.797    |  46.2     |  33.69    |
|  227      |  0.994    |  0.4904   |  6.339    |  0.9389   |  2.74     |  0.8655   |  75.35    |  24.03    |
|  228      |  0.9938   |  0.6412   |  4.967    |  0.8906   |  9.501    |  3.936    |  59.63    |  207.7    |
|  229      |  0.994    |  0.6821   |  1.038    |  0.7585   |  4.306    |  6.356    |  25.05    |  137.7    |
|  230      |  0.989    |  0.6282   |  6.158    |  0.4194   |  7.917    |  0.5111   |  97.36    |  154.7    |
|  231      |  0.994    |  0.6107   |  5.677    |  0.9293   |  0.9963   |  3.0      |  82.81    |  89.92    |
|  232      |  0.9933   |  0.9232   |  3.452    |  0.7256   |  7.098    |  4.696    |  18.95    |  154.8    |
|  233      |  0.9933   |  0.9214   |  3.41     |  0.6372   |  3.885    |  5.407    |  82.76    |  173.9    |
|  234      |  0.994    |  0.9398   |  6.963    |  0.9017   |  6.066    |  5.236    |  39.3     |  67.11    |
|  235      |  0.994    |  0.927    |  3.255    |  0.9187   |  3.59     |  8.979    |  6.453    |  240.1    |
|  236      |  0.9933   |  0.9255   |  2.074    |  0.6912   |  3.926    |  5.331    |  56.05    |  117.2    |
|  237      |  0.9938   |  0.5315   |  3.953    |  0.7699   |  7.361    |  6.606    |  31.74    |  199.1    |
|  238      |  0.9889   |  0.7526   |  1.146    |  0.4125   |  7.702    |  8.09     |  83.62    |  140.1    |
|  239      |  0.9931   |  0.4388   |  2.483    |  0.9942   |  0.2828   |  1.72     |  55.64    |  6.422    |
|  240      |  0.989    |  0.909    |  5.689    |  0.4566   |  5.685    |  2.211    |  56.27    |  230.4    |
|  241      |  0.994    |  0.9307   |  5.784    |  0.8867   |  4.858    |  4.589    |  37.98    |  182.3    |
|  242      |  0.9939   |  0.6282   |  4.163    |  0.7538   |  7.74     |  1.862    |  12.35    |  236.9    |
|  243      |  0.9912   |  0.5996   |  5.98     |  0.8591   |  1.12     |  9.21     |  13.99    |  4.089    |
|  244      |  0.994    |  0.6865   |  4.324    |  0.8923   |  3.893    |  4.846    |  17.52    |  150.3    |
|  245      |  0.9931   |  0.5189   |  6.423    |  0.6184   |  6.412    |  1.134    |  82.52    |  36.83    |
|  246      |  0.9939   |  0.658    |  5.27     |  0.974    |  9.027    |  5.242    |  26.34    |  45.27    |
|  247      |  0.9941   |  0.8104   |  2.238    |  0.9235   |  1.297    |  7.107    |  11.84    |  97.3     |
|  248      |  0.994    |  0.8214   |  1.112    |  0.7581   |  3.923    |  2.952    |  80.03    |  93.89    |
|  249      |  0.9932   |  0.8661   |  1.813    |  0.6912   |  9.323    |  8.188    |  30.91    |  249.1    |
|  250      |  0.9891   |  0.9982   |  4.703    |  0.4501   |  3.663    |  4.269    |  30.49    |  171.5    |
|  251      |  0.9937   |  0.5551   |  4.933    |  0.913    |  7.435    |  7.358    |  90.61    |  118.1    |
|  252      |  0.994    |  0.4249   |  1.818    |  0.987    |  2.297    |  1.971    |  26.3     |  45.33    |
|  253      |  0.994    |  0.8216   |  3.774    |  0.9756   |  4.108    |  3.022    |  26.38    |  45.37    |
|  254      |  0.9934   |  0.9184   |  2.734    |  0.701    |  3.345    |  8.232    |  35.23    |  39.43    |
|  255      |  0.9931   |  0.6954   |  2.831    |  0.6946   |  8.49     |  2.294    |  74.43    |  95.38    |
|  256      |  0.9889   |  0.5449   |  1.521    |  0.4517   |  7.276    |  4.52     |  85.05    |  35.65    |
|  257      |  0.9891   |  0.9296   |  2.934    |  0.4659   |  1.545    |  0.8029   |  87.26    |  249.2    |
|  258      |  0.9938   |  0.7599   |  2.65     |  0.8418   |  9.492    |  3.926    |  72.27    |  115.8    |
|  259      |  0.9932   |  0.7324   |  3.815    |  0.7063   |  6.114    |  8.924    |  60.97    |  180.6    |
|  260      |  0.994    |  0.9369   |  6.421    |  0.986    |  4.205    |  7.647    |  35.01    |  173.3    |
|  261      |  0.9889   |  0.4991   |  6.744    |  0.4097   |  6.148    |  2.745    |  83.51    |  238.0    |
|  262      |  0.9933   |  0.4894   |  3.701    |  0.615    |  4.228    |  3.409    |  26.49    |  44.74    |
|  263      |  0.9932   |  0.7019   |  1.014    |  0.6534   |  9.616    |  3.818    |  36.67    |  52.39    |
|  264      |  0.9931   |  0.6709   |  5.085    |  0.6232   |  7.209    |  5.891    |  70.26    |  140.4    |
|  265      |  0.9939   |  0.9323   |  4.985    |  0.7814   |  7.275    |  2.344    |  78.43    |  100.8    |
|  266      |  0.9937   |  0.4762   |  1.078    |  0.7673   |  9.192    |  3.505    |  29.87    |  145.9    |
|  267      |  0.9934   |  0.9712   |  1.743    |  0.5645   |  0.5791   |  3.794    |  73.69    |  103.1    |
|  268      |  0.9933   |  0.6583   |  2.108    |  0.5149   |  0.9821   |  9.741    |  29.37    |  235.5    |
|  269      |  0.9941   |  0.9657   |  4.789    |  0.786    |  0.632    |  1.181    |  68.63    |  110.2    |
|  270      |  0.994    |  0.8878   |  4.318    |  0.9712   |  7.355    |  6.175    |  36.24    |  113.6    |
|  271      |  0.9889   |  0.499    |  4.508    |  0.4849   |  2.97     |  5.606    |  60.71    |  158.5    |
|  272      |  0.9889   |  0.4151   |  4.694    |  0.4252   |  3.149    |  4.533    |  73.85    |  92.23    |
|  273      |  0.9941   |  0.8938   |  5.076    |  0.9352   |  3.714    |  4.974    |  21.19    |  188.1    |
|  274      |  0.9932   |  0.9886   |  5.795    |  0.5828   |  9.463    |  4.351    |  10.34    |  60.79    |
|  275      |  0.994    |  0.8349   |  1.321    |  0.8888   |  7.032    |  6.985    |  11.54    |  30.92    |
|  276      |  0.994    |  0.9147   |  2.171    |  0.8026   |  5.435    |  8.479    |  50.73    |  33.15    |
|  277      |  0.9933   |  0.528    |  3.713    |  0.7379   |  4.361    |  3.521    |  25.72    |  45.72    |
|  278      |  0.9935   |  0.674    |  2.188    |  0.6508   |  0.516    |  0.3715   |  28.2     |  46.63    |
|  279      |  0.9935   |  0.8941   |  1.041    |  0.6548   |  1.846    |  0.5109   |  44.55    |  175.4    |
|  280      |  0.9939   |  0.4274   |  4.845    |  0.8094   |  1.562    |  4.268    |  89.68    |  58.07    |
|  281      |  0.9934   |  0.7889   |  1.057    |  0.7054   |  0.2444   |  4.31     |  35.13    |  179.8    |
|  282      |  0.9932   |  0.7451   |  4.968    |  0.5176   |  5.528    |  3.106    |  23.27    |  101.4    |
|  283      |  0.9931   |  0.8084   |  4.015    |  0.6254   |  1.811    |  5.719    |  13.33    |  14.4     |
|  284      |  0.9931   |  0.4934   |  1.777    |  0.7166   |  7.404    |  6.819    |  8.161    |  240.4    |
|  285      |  0.9925   |  0.8624   |  4.709    |  0.6048   |  0.8977   |  5.931    |  45.93    |  7.214    |
|  286      |  0.994    |  0.9858   |  6.34     |  0.7828   |  7.098    |  2.083    |  53.38    |  18.95    |
|  287      |  0.9934   |  0.647    |  6.556    |  0.6999   |  2.61     |  3.767    |  19.08    |  108.4    |
|  288      |  0.989    |  0.6278   |  2.427    |  0.4578   |  8.212    |  9.146    |  7.938    |  239.5    |
|  289      |  0.994    |  0.8162   |  3.271    |  0.9761   |  6.475    |  4.118    |  18.9     |  154.4    |
|  290      |  0.989    |  0.5854   |  4.65     |  0.4747   |  5.414    |  5.117    |  46.1     |  13.16    |
|  291      |  0.9931   |  0.6384   |  4.761    |  0.5876   |  7.089    |  3.856    |  66.34    |  251.4    |
|  292      |  0.994    |  0.411    |  2.066    |  0.8436   |  1.697    |  3.399    |  9.588    |  15.81    |
|  293      |  0.9939   |  0.5611   |  5.327    |  0.9781   |  5.74     |  7.749    |  7.318    |  100.1    |
|  294      |  0.9931   |  0.5434   |  1.934    |  0.5758   |  6.92     |  1.341    |  58.01    |  67.0     |
|  295      |  0.985    |  0.4023   |  3.752    |  0.6981   |  1.573    |  3.533    |  22.22    |  3.827    |
|  296      |  0.9891   |  0.8361   |  4.816    |  0.4697   |  0.9457   |  4.511    |  91.29    |  49.67    |
|  297      |  0.9939   |  0.9968   |  2.189    |  0.9979   |  2.193    |  6.178    |  7.928    |  12.19    |
|  298      |  0.9933   |  0.513    |  2.56     |  0.7392   |  3.378    |  0.4514   |  46.24    |  44.0     |
|  299      |  0.9941   |  0.4059   |  6.269    |  0.7981   |  0.2198   |  4.825    |  8.807    |  105.9    |
|  300      |  0.9932   |  0.5082   |  5.777    |  0.7226   |  5.06     |  7.641    |  8.144    |  100.7    |
|  301      |  0.989    |  0.895    |  4.991    |  0.4647   |  1.814    |  3.401    |  46.7     |  202.0    |
|  302      |  0.9932   |  0.5484   |  6.163    |  0.6865   |  3.075    |  1.238    |  75.94    |  24.91    |
|  303      |  0.994    |  0.6051   |  3.551    |  0.8229   |  3.348    |  1.99     |  25.49    |  46.23    |
|  304      |  0.9891   |  0.5853   |  1.854    |  0.4934   |  0.4298   |  2.965    |  81.53    |  95.35    |
|  305      |  0.994    |  0.6164   |  4.682    |  0.7614   |  1.247    |  3.343    |  89.69    |  57.96    |
|  306      |  0.9933   |  0.8181   |  4.922    |  0.6875   |  3.449    |  1.54     |  87.57    |  59.18    |
|  307      |  0.9928   |  0.9874   |  5.655    |  0.5845   |  3.019    |  6.209    |  74.25    |  11.13    |
|  308      |  0.9941   |  0.9208   |  4.265    |  0.764    |  0.862    |  4.128    |  89.59    |  58.66    |
|  309      |  0.993    |  0.4996   |  6.411    |  0.5165   |  8.482    |  1.382    |  93.19    |  139.8    |
|  310      |  0.9932   |  0.501    |  6.871    |  0.6469   |  7.016    |  3.696    |  16.23    |  163.5    |
|  311      |  0.9891   |  0.9355   |  1.525    |  0.4899   |  2.11     |  1.452    |  72.1     |  244.5    |
|  312      |  0.989    |  0.8048   |  2.898    |  0.4578   |  6.12     |  6.526    |  71.41    |  82.46    |
|  313      |  0.9939   |  0.7522   |  4.389    |  0.7651   |  2.94     |  5.27     |  95.41    |  14.57    |
|  314      |  0.9931   |  0.6581   |  4.511    |  0.6491   |  8.845    |  8.593    |  33.09    |  100.1    |
|  315      |  0.9939   |  0.6689   |  4.874    |  0.9574   |  5.106    |  9.313    |  9.388    |  101.2    |
|  316      |  0.9933   |  0.7825   |  5.627    |  0.6614   |  0.4796   |  4.195    |  89.45    |  58.45    |
|  317      |  0.9889   |  0.5289   |  1.902    |  0.4819   |  7.277    |  6.045    |  62.95    |  109.1    |
|  318      |  0.989    |  0.7911   |  2.532    |  0.451    |  9.184    |  8.087    |  69.76    |  176.8    |
|  319      |  0.9939   |  0.4771   |  1.697    |  0.974    |  4.066    |  1.602    |  79.0     |  170.8    |
|  320      |  0.9927   |  0.9066   |  2.531    |  0.5804   |  2.37     |  2.443    |  35.41    |  8.047    |
|  321      |  0.9939   |  0.6196   |  5.57     |  0.9326   |  6.418    |  7.825    |  8.71     |  102.2    |
|  322      |  0.9932   |  0.4033   |  4.022    |  0.7335   |  5.023    |  2.768    |  19.65    |  52.88    |
|  323      |  0.994    |  0.9158   |  3.258    |  0.8348   |  6.319    |  8.209    |  8.145    |  102.0    |
|  324      |  0.994    |  0.8295   |  1.182    |  0.9619   |  4.129    |  9.161    |  58.27    |  133.1    |
|  325      |  0.994    |  0.7331   |  5.015    |  0.8868   |  6.102    |  3.681    |  44.74    |  47.99    |
|  326      |  0.9938   |  0.5214   |  3.039    |  0.9945   |  7.007    |  3.524    |  44.47    |  110.7    |
|  327      |  0.9931   |  0.6932   |  2.682    |  0.624    |  6.07     |  9.616    |  49.42    |  33.65    |
|  328      |  0.9932   |  0.6858   |  4.628    |  0.5649   |  6.735    |  6.171    |  14.05    |  95.79    |
|  329      |  0.994    |  0.6825   |  2.662    |  0.9619   |  2.844    |  2.509    |  26.79    |  47.78    |
|  330      |  0.9941   |  0.7957   |  2.229    |  0.8532   |  2.069    |  2.357    |  30.59    |  47.73    |
|  331      |  0.9939   |  0.6835   |  4.256    |  0.7955   |  6.52     |  8.977    |  7.393    |  101.5    |
|  332      |  0.9941   |  0.9036   |  2.59     |  0.9654   |  3.328    |  2.364    |  29.28    |  46.66    |
|  333      |  0.994    |  0.8417   |  4.443    |  0.8444   |  6.292    |  8.344    |  8.378    |  100.1    |
|  334      |  0.9934   |  0.4873   |  4.438    |  0.5959   |  0.2573   |  1.258    |  29.95    |  172.4    |
|  335      |  0.9889   |  0.4681   |  3.165    |  0.4109   |  5.265    |  9.944    |  8.513    |  102.1    |
|  336      |  0.9939   |  0.5124   |  4.349    |  0.944    |  5.371    |  6.577    |  8.04     |  99.65    |
|  337      |  0.9932   |  0.5515   |  1.413    |  0.6943   |  1.299    |  7.769    |  50.97    |  161.0    |
|  338      |  0.9931   |  0.8012   |  1.479    |  0.509    |  8.314    |  5.744    |  69.3     |  98.16    |
|  339      |  0.9934   |  0.8842   |  3.651    |  0.6049   |  3.91     |  2.271    |  26.83    |  45.55    |
|  340      |  0.9932   |  0.6324   |  5.456    |  0.5432   |  3.358    |  5.546    |  77.22    |  149.9    |
|  341      |  0.989    |  0.8432   |  2.412    |  0.4352   |  7.855    |  7.087    |  56.92    |  226.9    |
|  342      |  0.989    |  0.6608   |  3.115    |  0.453    |  3.563    |  5.261    |  18.08    |  49.4     |
|  343      |  0.994    |  0.9374   |  4.605    |  0.8431   |  7.939    |  6.749    |  35.88    |  197.3    |
|  344      |  0.9932   |  0.9719   |  4.009    |  0.6739   |  6.133    |  1.709    |  78.89    |  187.1    |
|  345      |  0.9939   |  0.629    |  2.719    |  0.7994   |  4.99     |  6.253    |  85.77    |  238.1    |
|  346      |  0.9933   |  0.5117   |  3.657    |  0.6131   |  4.482    |  0.01649  |  44.08    |  35.34    |
|  347      |  0.9935   |  0.5285   |  1.374    |  0.993    |  0.9676   |  8.602    |  92.3     |  8.305    |
|  348      |  0.9941   |  0.4854   |  6.595    |  0.7764   |  1.252    |  0.497    |  29.09    |  45.87    |
|  349      |  0.9941   |  0.705    |  4.689    |  0.9053   |  0.2055   |  1.675    |  30.73    |  172.4    |
|  350      |  0.9941   |  0.7308   |  1.143    |  0.789    |  0.4539   |  8.835    |  6.857    |  250.3    |
|  351      |  0.9931   |  0.5426   |  5.209    |  0.5657   |  6.889    |  7.883    |  8.286    |  103.1    |
|  352      |  0.9933   |  0.7026   |  3.136    |  0.6141   |  3.453    |  1.509    |  25.32    |  44.97    |
|  353      |  0.9941   |  0.6566   |  3.468    |  0.8657   |  1.33     |  3.011    |  10.11    |  16.68    |
|  354      |  0.9932   |  0.946    |  3.159    |  0.5796   |  7.428    |  8.097    |  8.163    |  99.06    |
|  355      |  0.9932   |  0.5975   |  4.719    |  0.5217   |  5.34     |  3.444    |  28.01    |  47.73    |
|  356      |  0.9933   |  0.5091   |  1.564    |  0.7242   |  2.879    |  3.285    |  29.47    |  46.57    |
|  357      |  0.9889   |  0.6786   |  5.389    |  0.4787   |  2.484    |  9.806    |  32.36    |  179.1    |
|  358      |  0.9933   |  0.8458   |  6.044    |  0.6788   |  1.768    |  5.124    |  85.29    |  101.7    |
|  359      |  0.994    |  0.8925   |  4.97     |  0.9766   |  5.914    |  5.121    |  12.97    |  94.99    |
|  360      |  0.9941   |  0.8101   |  2.401    |  0.9372   |  1.138    |  1.928    |  9.319    |  16.8     |
|  361      |  0.994    |  0.7995   |  3.788    |  0.772    |  6.487    |  6.554    |  8.067    |  100.4    |
|  362      |  0.9935   |  0.8039   |  1.284    |  0.7223   |  1.055    |  0.4056   |  26.09    |  46.04    |
|  363      |  0.9934   |  0.8363   |  5.363    |  0.6012   |  2.475    |  2.805    |  24.99    |  44.61    |
|  364      |  0.9939   |  0.4274   |  4.701    |  0.7855   |  4.818    |  7.27     |  7.508    |  98.02    |
|  365      |  0.9934   |  0.7129   |  2.886    |  0.7304   |  0.6277   |  0.4224   |  78.9     |  92.53    |
|  366      |  0.9942   |  0.9746   |  6.807    |  0.7828   |  1.367    |  0.8162   |  30.34    |  44.22    |
|  367      |  0.9933   |  0.5782   |  3.119    |  0.5099   |  2.973    |  1.703    |  24.8     |  47.57    |
|  368      |  0.9934   |  0.8769   |  4.55     |  0.7033   |  2.374    |  8.205    |  8.782    |  99.96    |
|  369      |  0.9941   |  0.9428   |  3.412    |  0.8984   |  2.534    |  3.052    |  30.59    |  47.35    |
|  370      |  0.994    |  0.4673   |  4.506    |  0.8714   |  3.39     |  0.3953   |  31.85    |  43.17    |
|  371      |  0.9941   |  0.8421   |  4.434    |  0.7734   |  2.809    |  2.498    |  25.9     |  46.87    |
|  372      |  0.9934   |  0.5831   |  3.094    |  0.647    |  3.251    |  0.9701   |  33.48    |  43.28    |
|  373      |  0.9931   |  0.4284   |  5.076    |  0.6537   |  5.224    |  7.982    |  9.83     |  101.3    |
|  374      |  0.9932   |  0.5127   |  3.473    |  0.6513   |  2.219    |  2.538    |  8.249    |  17.43    |
|  375      |  0.9934   |  0.6647   |  2.581    |  0.6911   |  3.7      |  2.066    |  31.52    |  47.58    |
|  376      |  0.9935   |  0.9749   |  4.147    |  0.5708   |  1.78     |  0.3466   |  25.88    |  46.74    |
|  377      |  0.9931   |  0.4365   |  5.349    |  0.7392   |  6.225    |  9.196    |  10.95    |  102.5    |
|  378      |  0.9941   |  0.9404   |  2.832    |  1.0      |  4.02     |  0.7359   |  25.85    |  47.16    |
|  379      |  0.9932   |  0.4815   |  1.294    |  0.6625   |  0.1302   |  5.056    |  10.72    |  16.07    |
|  380      |  0.9932   |  0.7208   |  5.207    |  0.7246   |  4.301    |  3.678    |  24.7     |  43.99    |
|  381      |  0.9939   |  0.4963   |  4.865    |  0.752    |  5.081    |  7.361    |  6.809    |  101.7    |
|  382      |  0.9941   |  0.8382   |  2.521    |  0.9193   |  0.3279   |  6.34     |  11.67    |  15.9     |
|  383      |  0.9933   |  0.6842   |  4.049    |  0.5583   |  3.776    |  6.736    |  8.305    |  101.2    |
|  384      |  0.9932   |  0.4219   |  3.552    |  0.6111   |  0.1325   |  3.923    |  10.75    |  17.0     |
|  385      |  0.989    |  0.4737   |  3.675    |  0.4345   |  5.093    |  6.38     |  6.723    |  99.52    |
|  386      |  0.9891   |  0.9727   |  3.021    |  0.4933   |  2.0      |  1.401    |  25.29    |  44.78    |
|  387      |  0.9933   |  0.5553   |  1.647    |  0.7422   |  3.445    |  2.16     |  25.54    |  45.59    |
|  388      |  0.9932   |  0.4352   |  2.628    |  0.5062   |  1.289    |  4.303    |  10.89    |  17.01    |
|  389      |  0.9932   |  0.7427   |  4.428    |  0.6812   |  6.999    |  6.407    |  9.261    |  101.3    |
|  390      |  0.9934   |  0.4659   |  3.069    |  0.5707   |  1.554    |  1.287    |  29.38    |  47.48    |
|  391      |  0.994    |  0.7171   |  3.086    |  0.758    |  2.455    |  9.522    |  7.007    |  240.3    |
|  392      |  0.9933   |  0.7965   |  5.42     |  0.5363   |  3.167    |  1.531    |  25.79    |  47.21    |
|  393      |  0.994    |  0.5765   |  2.895    |  0.9128   |  2.715    |  8.133    |  11.96    |  96.47    |
|  394      |  0.989    |  0.8041   |  3.572    |  0.4555   |  3.133    |  9.471    |  8.054    |  239.2    |
|  395      |  0.9939   |  0.7205   |  4.555    |  0.7527   |  5.344    |  2.396    |  74.15    |  175.3    |
|  396      |  0.9934   |  0.8015   |  4.628    |  0.7488   |  3.333    |  4.055    |  25.23    |  46.67    |
|  397      |  0.9941   |  0.4905   |  5.456    |  0.8551   |  0.9521   |  0.8801   |  30.41    |  45.5     |
|  398      |  0.994    |  0.443    |  2.594    |  1.0      |  1.991    |  2.53     |  13.21    |  12.53    |
|  399      |  0.9933   |  0.5482   |  3.263    |  0.5246   |  3.168    |  3.415    |  28.73    |  47.6     |
|  400      |  0.9933   |  0.754    |  3.367    |  0.5908   |  3.731    |  1.699    |  27.01    |  48.74    |
|  401      |  0.9941   |  0.8685   |  2.838    |  0.9068   |  2.194    |  1.758    |  30.53    |  49.43    |
|  402      |  0.9941   |  0.8848   |  4.771    |  0.8084   |  0.8462   |  5.029    |  7.779    |  105.2    |
|  403      |  0.9891   |  0.4225   |  1.699    |  0.4317   |  5.49     |  0.8199   |  25.81    |  47.67    |
|  404      |  0.994    |  0.4105   |  3.346    |  0.9803   |  1.808    |  3.652    |  8.944    |  14.83    |
|  405      |  0.994    |  0.9639   |  5.165    |  0.7983   |  6.174    |  5.227    |  14.89    |  94.87    |
|  406      |  0.9938   |  0.4616   |  5.597    |  0.9752   |  5.946    |  8.572    |  9.657    |  102.0    |
|  407      |  0.9939   |  0.4589   |  3.344    |  0.7809   |  4.149    |  3.113    |  26.98    |  46.89    |
|  408      |  0.9932   |  0.8841   |  3.822    |  0.5322   |  6.963    |  9.211    |  7.532    |  100.5    |
|  409      |  0.9934   |  0.6871   |  4.366    |  0.6462   |  0.972    |  5.238    |  26.42    |  167.1    |
|  410      |  0.9933   |  0.674    |  5.109    |  0.5975   |  5.281    |  5.775    |  9.281    |  99.85    |
|  411      |  0.9892   |  0.7805   |  3.854    |  0.424    |  0.2593   |  1.857    |  31.67    |  171.6    |
|  412      |  0.9932   |  0.564    |  2.721    |  0.7094   |  0.3405   |  2.141    |  10.65    |  17.51    |
|  413      |  0.9932   |  0.7972   |  3.235    |  0.7335   |  5.284    |  8.026    |  9.749    |  99.47    |
|  414      |  0.989    |  0.925    |  3.295    |  0.4578   |  2.677    |  2.035    |  30.62    |  46.36    |
|  415      |  0.9941   |  0.9937   |  3.757    |  0.8376   |  0.8643   |  3.086    |  25.05    |  47.21    |
|  416      |  0.994    |  0.9412   |  4.895    |  0.86     |  6.932    |  7.213    |  7.588    |  100.8    |
|  417      |  0.9931   |  0.467    |  5.163    |  0.6141   |  7.307    |  8.067    |  7.554    |  100.4    |
|  418      |  0.9934   |  0.6191   |  6.887    |  0.695    |  1.562    |  5.218    |  7.799    |  105.6    |
|  419      |  0.9934   |  0.5702   |  1.281    |  0.5172   |  1.944    |  1.467    |  28.58    |  47.96    |
|  420      |  0.994    |  0.5344   |  4.704    |  0.9292   |  4.038    |  1.451    |  25.84    |  46.11    |
|  421      |  0.9932   |  0.435    |  4.89     |  0.7122   |  6.932    |  4.603    |  13.47    |  94.95    |
|  422      |  0.9893   |  0.686    |  1.926    |  0.4575   |  0.5453   |  2.823    |  9.544    |  17.31    |
|  423      |  0.9933   |  0.8481   |  5.168    |  0.6107   |  3.459    |  3.544    |  26.22    |  47.31    |
|  424      |  0.9932   |  0.6845   |  2.968    |  0.5864   |  3.908    |  3.026    |  68.02    |  50.24    |
|  425      |  0.9891   |  0.7321   |  5.157    |  0.4091   |  0.5232   |  1.161    |  67.42    |  109.6    |
|  426      |  0.989    |  0.8112   |  1.914    |  0.4412   |  6.198    |  6.497    |  36.54    |  159.1    |
|  427      |  0.9933   |  0.7742   |  3.332    |  0.6812   |  2.964    |  8.166    |  34.81    |  30.03    |
|  428      |  0.9872   |  0.5071   |  5.889    |  0.4833   |  1.971    |  1.819    |  55.39    |  6.927    |
|  429      |  0.9934   |  0.9657   |  6.102    |  0.6695   |  3.07     |  2.849    |  24.8     |  45.37    |
|  430      |  0.9934   |  0.6915   |  1.883    |  0.5976   |  2.227    |  1.556    |  27.0     |  47.03    |
|  431      |  0.9934   |  0.7049   |  3.454    |  0.6527   |  1.279    |  3.454    |  26.28    |  47.06    |
|  432      |  0.994    |  0.8117   |  5.921    |  0.8459   |  6.379    |  2.266    |  53.38    |  19.47    |
|  433      |  0.9933   |  0.8712   |  3.198    |  0.5487   |  5.386    |  7.162    |  8.838    |  100.7    |
|  434      |  0.9941   |  0.9716   |  3.232    |  0.8562   |  1.115    |  1.646    |  26.8     |  47.96    |
|  435      |  0.9941   |  0.9644   |  5.635    |  0.8755   |  1.537    |  3.975    |  83.0     |  90.64    |
|  436      |  0.9941   |  0.8989   |  5.945    |  0.8731   |  1.851    |  1.087    |  30.5     |  44.4     |
|  437      |  0.994    |  0.7253   |  3.297    |  0.8411   |  3.793    |  1.375    |  27.12    |  46.6     |
|  438      |  0.9933   |  0.6032   |  5.25     |  0.5894   |  0.4073   |  5.253    |  25.56    |  166.2    |
|  439      |  0.994    |  0.5936   |  4.918    |  0.9874   |  3.186    |  7.065    |  8.585    |  99.79    |
|  440      |  0.9941   |  0.6266   |  2.193    |  0.8234   |  3.194    |  0.6161   |  26.01    |  46.06    |
|  441      |  0.9932   |  0.6306   |  4.031    |  0.74     |  5.672    |  7.588    |  6.868    |  101.2    |
|  442      |  0.9933   |  0.8994   |  5.976    |  0.6168   |  5.963    |  0.7935   |  26.14    |  49.54    |
|  443      |  0.9933   |  0.865    |  3.958    |  0.7222   |  4.882    |  5.186    |  13.63    |  95.39    |
|  444      |  0.9929   |  0.6169   |  3.344    |  0.5674   |  1.869    |  6.368    |  8.199    |  11.41    |
|  445      |  0.9941   |  0.6428   |  5.139    |  0.9867   |  1.417    |  5.509    |  7.424    |  106.0    |
|  446      |  0.9933   |  0.6419   |  4.583    |  0.6655   |  0.9336   |  4.26     |  82.84    |  90.21    |
|  447      |  0.994    |  0.6622   |  5.441    |  0.8713   |  3.765    |  7.503    |  34.9     |  172.2    |
|  448      |  0.9941   |  0.9289   |  4.862    |  0.8155   |  3.891    |  1.458    |  24.91    |  44.64    |
|  449      |  0.9941   |  0.8846   |  2.964    |  0.8311   |  1.454    |  4.594    |  9.088    |  16.27    |
|  450      |  0.9935   |  0.9437   |  5.976    |  0.6886   |  0.266    |  5.281    |  6.652    |  106.2    |
|  451      |  0.9941   |  0.7491   |  5.384    |  0.9697   |  2.163    |  3.898    |  6.618    |  105.7    |
|  452      |  0.9893   |  0.9723   |  4.153    |  0.4267   |  1.24     |  3.957    |  10.43    |  15.81    |
|  453      |  0.9935   |  0.9724   |  4.174    |  0.6899   |  0.9388   |  5.098    |  6.965    |  106.8    |
|  454      |  0.9941   |  0.7334   |  3.239    |  0.8826   |  3.277    |  2.14     |  31.08    |  49.0     |
|  455      |  0.9939   |  0.6762   |  6.825    |  0.7974   |  7.208    |  5.682    |  13.01    |  42.01    |
|  456      |  0.9931   |  0.4085   |  2.543    |  0.6664   |  3.397    |  4.305    |  8.729    |  16.08    |
|  457      |  0.9941   |  0.7464   |  5.219    |  0.912    |  2.404    |  2.442    |  12.91    |  99.67    |
|  458      |  0.9934   |  0.7585   |  4.498    |  0.642    |  1.105    |  1.052    |  70.47    |  110.7    |
|  459      |  0.9935   |  0.8559   |  5.6      |  0.5828   |  0.134    |  4.882    |  9.871    |  106.2    |
|  460      |  0.9941   |  0.6823   |  4.266    |  0.8343   |  1.498    |  4.656    |  7.392    |  105.8    |
|  461      |  0.994    |  0.4588   |  6.616    |  0.9636   |  2.925    |  3.876    |  11.68    |  99.71    |
|  462      |  0.9892   |  0.4797   |  2.717    |  0.428    |  0.5006   |  0.9288   |  26.81    |  48.56    |
|  463      |  0.9931   |  0.5009   |  4.955    |  0.617    |  6.167    |  7.508    |  8.479    |  99.55    |
|  464      |  0.9934   |  0.8305   |  3.063    |  0.5143   |  2.322    |  7.586    |  10.07    |  100.1    |
|  465      |  0.9939   |  0.5105   |  5.21     |  0.8132   |  5.424    |  9.079    |  8.119    |  101.6    |
|  466      |  0.994    |  0.9248   |  2.578    |  0.9875   |  2.496    |  5.881    |  8.205    |  14.08    |
|  467      |  0.9932   |  0.9604   |  1.825    |  0.6307   |  1.812    |  5.416    |  9.93     |  16.76    |
|  468      |  0.9939   |  0.6976   |  1.006    |  0.932    |  5.069    |  2.397    |  79.42    |  93.66    |
|  469      |  0.9941   |  0.7891   |  4.276    |  0.9288   |  2.306    |  2.673    |  30.27    |  48.71    |
|  470      |  0.9934   |  0.6232   |  2.787    |  0.6379   |  1.77     |  3.448    |  28.9     |  47.76    |
|  471      |  0.994    |  0.4764   |  3.025    |  0.8559   |  2.387    |  7.381    |  11.21    |  98.53    |
|  472      |  0.9939   |  0.4874   |  5.798    |  0.8464   |  5.189    |  5.484    |  38.85    |  182.4    |
|  473      |  0.989    |  0.7579   |  5.481    |  0.4517   |  5.657    |  6.115    |  13.47    |  94.5     |
|  474      |  0.994    |  0.863    |  3.079    |  0.8695   |  6.524    |  8.166    |  8.762    |  100.9    |
|  475      |  0.9941   |  0.551    |  4.701    |  0.9355   |  1.921    |  0.2229   |  30.12    |  43.45    |
|  476      |  0.9933   |  0.4514   |  2.906    |  0.5658   |  0.8679   |  0.3174   |  9.952    |  16.58    |
|  477      |  0.9941   |  0.9876   |  1.642    |  0.8681   |  2.583    |  2.574    |  8.786    |  18.39    |
|  478      |  0.9941   |  0.761    |  3.252    |  0.7639   |  3.502    |  0.1925   |  25.46    |  46.17    |
|  479      |  0.9931   |  0.5863   |  4.659    |  0.7301   |  6.84     |  1.831    |  79.59    |  100.2    |
|  480      |  0.9934   |  0.9924   |  2.742    |  0.5096   |  3.535    |  1.752    |  30.4     |  48.5     |
|  481      |  0.9894   |  0.5549   |  1.526    |  0.4807   |  1.361    |  5.431    |  8.355    |  12.93    |
|  482      |  0.994    |  0.794    |  3.622    |  0.7805   |  2.936    |  7.154    |  9.269    |  99.16    |
|  483      |  0.9933   |  0.4318   |  6.863    |  0.6541   |  2.547    |  2.582    |  11.45    |  100.6    |
|  484      |  0.9934   |  0.6483   |  1.32     |  0.6051   |  2.022    |  3.689    |  30.78    |  47.67    |
|  485      |  0.9931   |  0.6144   |  3.369    |  0.6216   |  2.279    |  3.594    |  8.502    |  15.85    |
|  486      |  0.9932   |  0.9154   |  2.419    |  0.5119   |  3.213    |  3.575    |  9.681    |  17.69    |
|  487      |  0.9934   |  0.5261   |  3.027    |  0.6216   |  0.6054   |  2.952    |  24.27    |  47.47    |
|  488      |  0.9933   |  0.5301   |  2.514    |  0.6827   |  2.255    |  2.978    |  30.86    |  49.84    |
|  489      |  0.994    |  0.5304   |  4.692    |  0.7653   |  2.928    |  2.809    |  11.84    |  99.19    |
|  490      |  0.9941   |  0.8774   |  4.011    |  0.8803   |  1.989    |  5.966    |  9.519    |  99.5     |
|  491      |  0.9934   |  0.7328   |  4.22     |  0.5035   |  3.318    |  0.4333   |  26.04    |  46.67    |
|  492      |  0.9941   |  0.7653   |  2.479    |  0.8987   |  1.144    |  2.583    |  9.758    |  15.33    |
|  493      |  0.9941   |  0.8492   |  5.971    |  0.8328   |  0.3487   |  3.376    |  58.85    |  174.1    |
|  494      |  0.9933   |  0.6282   |  3.169    |  0.6663   |  1.718    |  7.991    |  10.95    |  97.67    |
|  495      |  0.989    |  0.7306   |  4.148    |  0.4967   |  2.902    |  2.759    |  31.36    |  48.75    |
|  496      |  0.994    |  0.7538   |  4.673    |  0.9968   |  4.373    |  2.034    |  26.08    |  45.52    |
|  497      |  0.9941   |  0.7308   |  4.341    |  0.8816   |  2.724    |  1.597    |  11.69    |  98.41    |
|  498      |  0.9934   |  0.9908   |  2.578    |  0.6752   |  3.534    |  0.8406   |  26.77    |  47.19    |
|  499      |  0.9941   |  0.4246   |  3.871    |  0.9871   |  1.251    |  0.3961   |  29.66    |  43.56    |
|  500      |  0.9941   |  0.7811   |  3.682    |  0.7546   |  2.176    |  5.392    |  10.78    |  98.65    |
|  501      |  0.9933   |  0.6851   |  5.602    |  0.5733   |  3.145    |  7.076    |  9.531    |  99.09    |
|  502      |  0.994    |  0.4876   |  6.107    |  0.7781   |  3.677    |  0.4055   |  29.79    |  43.66    |
|  503      |  0.9934   |  0.86     |  5.806    |  0.7245   |  1.001    |  7.413    |  27.87    |  171.0    |
|  504      |  0.9941   |  0.8671   |  2.993    |  0.9417   |  2.703    |  7.621    |  8.738    |  100.2    |
|  505      |  0.9933   |  0.4743   |  3.99     |  0.7438   |  2.691    |  1.818    |  26.95    |  47.49    |
|  506      |  0.9941   |  0.9898   |  2.007    |  0.8336   |  2.656    |  3.26     |  25.78    |  47.52    |
|  507      |  0.9891   |  0.8646   |  4.208    |  0.4477   |  0.6636   |  0.8555   |  30.29    |  43.15    |
|  508      |  0.994    |  0.734    |  5.722    |  0.7733   |  4.267    |  7.383    |  33.98    |  173.0    |
|  509      |  0.9932   |  0.592    |  4.041    |  0.7345   |  5.596    |  1.216    |  41.29    |  160.6    |
|  510      |  0.9934   |  0.7374   |  4.343    |  0.5194   |  2.307    |  7.03     |  8.751    |  98.98    |
|  511      |  0.994    |  0.8469   |  3.797    |  0.9118   |  6.716    |  6.975    |  8.145    |  102.3    |
|  512      |  0.9934   |  0.8864   |  4.111    |  0.5557   |  2.206    |  2.778    |  25.35    |  48.33    |
|  513      |  0.9941   |  0.9329   |  5.234    |  0.7648   |  3.038    |  1.769    |  10.59    |  98.99    |
|  514      |  0.994    |  0.9327   |  5.368    |  0.8191   |  5.949    |  4.421    |  11.78    |  95.51    |
|  515      |  0.9941   |  0.7841   |  4.313    |  0.7945   |  4.187    |  1.441    |  11.26    |  98.47    |
|  516      |  0.9891   |  0.9528   |  6.708    |  0.4797   |  1.939    |  0.4849   |  29.16    |  43.35    |
|  517      |  0.9933   |  0.7799   |  3.865    |  0.6204   |  5.232    |  4.285    |  12.27    |  95.22    |
|  518      |  0.9934   |  0.8281   |  2.394    |  0.7264   |  2.086    |  0.4914   |  94.11    |  246.9    |
|  519      |  0.994    |  0.4387   |  1.71     |  0.7544   |  3.228    |  4.277    |  26.78    |  46.76    |
|  520      |  0.9941   |  0.4597   |  5.624    |  0.8412   |  1.354    |  2.268    |  10.87    |  98.87    |
|  521      |  0.9938   |  0.5832   |  5.233    |  0.791    |  7.421    |  9.537    |  9.17     |  101.6    |
|  522      |  0.9941   |  0.8172   |  2.962    |  0.8678   |  1.882    |  2.182    |  9.263    |  17.92    |
|  523      |  0.9892   |  0.6805   |  2.157    |  0.4742   |  1.54     |  7.161    |  12.11    |  14.94    |
|  524      |  0.994    |  0.9133   |  2.001    |  0.785    |  3.594    |  7.689    |  9.238    |  99.37    |
|  525      |  0.9939   |  0.5337   |  4.865    |  0.8562   |  6.557    |  8.702    |  8.584    |  101.9    |
|  526      |  0.9942   |  0.9482   |  4.908    |  0.7895   |  0.2149   |  4.12     |  6.947    |  105.5    |
|  527      |  0.994    |  0.9257   |  4.772    |  0.7607   |  4.854    |  2.479    |  30.69    |  171.2    |
|  528      |  0.994    |  0.4316   |  6.115    |  0.8879   |  3.23     |  0.7329   |  24.88    |  44.62    |
|  529      |  0.994    |  0.515    |  2.206    |  0.8437   |  2.466    |  4.504    |  27.03    |  48.21    |
|  530      |  0.9933   |  0.6775   |  2.161    |  0.7171   |  2.258    |  8.615    |  12.61    |  95.85    |
|  531      |  0.9934   |  0.4411   |  5.708    |  0.5784   |  0.4606   |  3.258    |  6.402    |  106.5    |
|  532      |  0.9933   |  0.552    |  2.713    |  0.73     |  3.514    |  3.702    |  25.49    |  47.31    |
|  533      |  0.994    |  0.4836   |  4.151    |  0.9499   |  2.62     |  5.428    |  8.567    |  98.37    |
|  534      |  0.9941   |  0.7842   |  4.95     |  0.9283   |  0.979    |  3.963    |  59.49    |  172.6    |
|  535      |  0.9941   |  1.0      |  2.625    |  1.0      |  2.703    |  6.944    |  7.97     |  13.12    |
|  536      |  0.994    |  0.8815   |  1.633    |  0.8926   |  3.198    |  7.208    |  9.898    |  100.2    |
|  537      |  0.9934   |  0.5887   |  3.565    |  0.6408   |  2.7      |  1.479    |  29.93    |  49.47    |
|  538      |  0.9933   |  0.5002   |  4.168    |  0.6811   |  2.827    |  0.6415   |  29.25    |  42.56    |
|  539      |  0.994    |  0.9142   |  3.245    |  0.9875   |  1.278    |  5.623    |  9.635    |  15.31    |
|  540      |  0.9889   |  0.4771   |  2.818    |  0.4588   |  1.759    |  0.8973   |  30.89    |  48.47    |
|  541      |  0.994    |  0.99     |  2.767    |  0.7887   |  7.599    |  7.821    |  7.812    |  101.6    |
|  542      |  0.9941   |  0.6507   |  4.088    |  0.9886   |  1.949    |  4.822    |  6.536    |  105.3    |
|  543      |  0.9941   |  0.9907   |  4.608    |  0.9799   |  4.169    |  2.547    |  11.73    |  99.11    |
|  544      |  0.9934   |  0.9839   |  2.868    |  0.6429   |  2.584    |  7.747    |  11.85    |  97.51    |
|  545      |  0.9933   |  0.4393   |  1.902    |  0.7155   |  1.802    |  6.673    |  11.05    |  99.3     |
|  546      |  0.994    |  0.6127   |  2.442    |  0.8614   |  4.304    |  7.947    |  6.343    |  240.4    |
|  547      |  0.9941   |  0.9101   |  3.483    |  0.7803   |  0.5238   |  1.612    |  69.43    |  110.2    |
|  548      |  0.9894   |  0.9333   |  2.583    |  0.4239   |  1.59     |  4.022    |  8.755    |  15.21    |
|  549      |  0.9941   |  0.9206   |  5.57     |  0.9781   |  3.352    |  0.7477   |  24.83    |  46.62    |
|  550      |  0.994    |  0.6894   |  4.427    |  0.7945   |  1.601    |  3.001    |  91.03    |  58.32    |
=============================================================================================================

BEST HYPERPARAMETERS:
|  111      |  0.9942   |  0.9834   |  4.268    |  0.923    |  0.05423  |  2.109    |  29.59    |  172.8    |
