HYPERPARAMETERS OF EACH ITERATION:
|   iter    |  target   | baggin... | baggin... | featur... | lambda_l1 | lambda_l2 | min_ch... | num_le... |
-------------------------------------------------------------------------------------------------------------
|  1        |  0.9975   |  0.6247   |  6.704    |  0.8392   |  5.987    |  1.56     |  19.82    |  16.75    |
|  2        |  0.9976   |  0.9197   |  4.607    |  0.8248   |  0.2058   |  9.699    |  84.08    |  55.93    |
|  3        |  0.9972   |  0.5091   |  2.1      |  0.5825   |  5.248    |  4.319    |  32.67    |  157.4    |
|  4        |  0.9972   |  0.4837   |  2.753    |  0.6198   |  4.561    |  7.852    |  23.97    |  132.6    |
|  5        |  0.9976   |  0.7554   |  1.279    |  0.7645   |  1.705    |  0.6505   |  95.14    |  247.3    |
|  6        |  0.9958   |  0.885    |  2.828    |  0.4586   |  6.842    |  4.402    |  16.59    |  127.8    |
|  7        |  0.9971   |  0.4206   |  6.456    |  0.5553   |  6.625    |  3.117    |  54.41    |  140.9    |
|  8        |  0.9974   |  0.5109   |  6.818    |  0.8651   |  9.395    |  8.948    |  61.8     |  236.2    |
|  9        |  0.9956   |  0.4531   |  2.176    |  0.4271   |  3.253    |  3.887    |  30.78    |  212.5    |
|  10       |  0.9973   |  0.6141   |  2.686    |  0.7256   |  1.409    |  8.022    |  12.08    |  252.7    |
|  11       |  0.9957   |  0.8633   |  2.192    |  0.4033   |  8.155    |  7.069    |  74.26    |  197.9    |
|  12       |  0.9956   |  0.4444   |  3.151    |  0.4695   |  8.631    |  6.233    |  36.44    |  18.14    |
|  13       |  0.9975   |  0.5866   |  2.951    |  0.8378   |  6.376    |  8.872    |  49.86    |  32.38    |
|  14       |  0.9972   |  0.8279   |  5.565    |  0.7368   |  7.71     |  4.938    |  54.66    |  110.6    |
|  15       |  0.9957   |  0.4153   |  1.647    |  0.4189   |  6.364    |  3.144    |  53.31    |  232.5    |
|  16       |  0.9976   |  0.5496   |  3.462    |  0.8533   |  2.288    |  0.7698   |  32.53    |  42.95    |
|  17       |  0.9975   |  0.9578   |  5.849    |  0.78     |  8.715    |  8.037    |  22.72    |  228.7    |
|  18       |  0.9976   |  0.7236   |  5.845    |  0.9377   |  3.18     |  1.101    |  26.65    |  110.5    |
|  19       |  0.9957   |  0.8908   |  6.164    |  0.4042   |  5.107    |  4.174    |  26.1     |  32.45    |
|  20       |  0.9972   |  0.6026   |  6.657    |  0.5939   |  5.188    |  7.03     |  39.54    |  248.8    |
|  21       |  0.9974   |  0.9775   |  2.511    |  0.6983   |  3.009    |  2.848    |  8.504    |  156.8    |
|  22       |  0.9972   |  0.7016   |  1.309    |  0.5672   |  9.083    |  2.396    |  18.77    |  126.3    |
|  23       |  0.9975   |  0.9914   |  2.452    |  0.8033   |  7.616    |  2.376    |  74.18    |  95.42    |
|  24       |  0.9973   |  0.7794   |  4.801    |  0.7215   |  0.9029   |  8.353    |  35.47    |  49.38    |
|  25       |  0.9976   |  0.4245   |  4.545    |  0.8065   |  0.1659   |  5.121    |  26.52    |  165.9    |
|  26       |  0.9972   |  0.5046   |  5.146    |  0.632    |  9.367    |  1.375    |  37.4     |  30.82    |
|  27       |  0.9973   |  0.9548   |  6.264    |  0.5548   |  6.6      |  8.172    |  57.74    |  136.5    |
|  28       |  0.9974   |  0.5451   |  1.559    |  0.9383   |  9.004    |  6.331    |  37.21    |  90.7     |
|  29       |  0.9975   |  0.8356   |  6.383    |  0.9323   |  7.799    |  6.42     |  12.99    |  43.05    |
|  30       |  0.9958   |  0.9391   |  4.639    |  0.4055   |  1.015    |  6.635    |  5.481    |  42.85    |
|  31       |  0.9976   |  0.7292   |  5.151    |  0.7912   |  2.243    |  7.122    |  27.54    |  84.65    |
|  32       |  0.9975   |  0.8479   |  4.898    |  0.9095   |  6.576    |  5.683    |  13.9     |  95.4     |
|  33       |  0.9975   |  0.5591   |  2.464    |  0.9838   |  3.931    |  8.92     |  64.96    |  203.9    |
|  34       |  0.9971   |  0.7016   |  4.461    |  0.6955   |  1.952    |  7.225    |  31.67    |  8.176    |
|  35       |  0.9972   |  0.7873   |  2.063    |  0.9643   |  9.539    |  9.149    |  40.17    |  5.926    |
|  36       |  0.9975   |  0.957    |  3.569    |  0.98     |  9.636    |  8.53     |  32.97    |  99.81    |
|  37       |  0.9972   |  0.9107   |  2.902    |  0.5017   |  5.568    |  9.362    |  71.12    |  146.8    |
|  38       |  0.9975   |  0.4583   |  4.69     |  0.994    |  1.401    |  5.183    |  88.35    |  190.2    |
|  39       |  0.9972   |  0.8182   |  5.215    |  0.6157   |  2.936    |  8.094    |  81.96    |  222.2    |
|  40       |  0.9973   |  0.9479   |  4.068    |  0.7009   |  7.983    |  6.5      |  71.69    |  204.1    |
|  41       |  0.9974   |  0.934    |  3.028    |  0.6253   |  0.9398   |  5.783    |  8.415    |  120.3    |
|  42       |  0.9976   |  0.7256   |  2.719    |  0.7545   |  0.305    |  0.3735   |  83.15    |  93.49    |
|  43       |  0.9975   |  0.4762   |  4.133    |  0.862    |  2.158    |  6.229    |  13.11    |  15.13    |
|  44       |  0.9975   |  0.7188   |  4.244    |  0.7825   |  7.261    |  9.759    |  54.05    |  84.03    |
|  45       |  0.9974   |  0.8771   |  2.625    |  0.6634   |  0.7846   |  0.2535   |  96.45    |  214.3    |
|  46       |  0.9973   |  0.8176   |  3.454    |  0.504    |  1.564    |  2.502    |  57.18    |  183.5    |
|  47       |  0.9975   |  0.7961   |  2.68     |  0.9729   |  7.379    |  5.544    |  63.11    |  108.6    |
|  48       |  0.9975   |  0.5486   |  3.136    |  0.8547   |  0.1439   |  1.161    |  9.37     |  12.35    |
|  49       |  0.9974   |  0.9133   |  5.222    |  0.6845   |  0.9783   |  4.916    |  49.98    |  45.99    |
|  50       |  0.9975   |  0.6603   |  3.391    |  0.7695   |  6.351    |  0.453    |  40.59    |  161.0    |
|  51       |  0.9971   |  0.4562   |  3.368    |  0.6869   |  6.721    |  6.54     |  91.1     |  215.0    |
|  52       |  0.9974   |  0.4386   |  1.654    |  0.9378   |  8.499    |  7.519    |  31.5     |  128.4    |
|  53       |  0.9975   |  0.6554   |  3.045    |  0.9429   |  4.725    |  9.426    |  33.24    |  174.8    |
|  54       |  0.9975   |  0.9991   |  1.307    |  0.8695   |  7.423    |  7.924    |  38.18    |  120.0    |
|  55       |  0.9974   |  0.7336   |  6.422    |  0.7971   |  2.305    |  9.661    |  42.63    |  9.026    |
|  56       |  0.9975   |  0.8855   |  2.156    |  0.9105   |  6.51     |  6.631    |  9.864    |  108.4    |
|  57       |  0.9975   |  0.8258   |  4.789    |  0.8811   |  6.739    |  8.448    |  25.48    |  245.8    |
|  58       |  0.9974   |  0.4715   |  6.702    |  0.981    |  9.533    |  9.249    |  27.46    |  109.0    |
|  59       |  0.9976   |  0.9858   |  5.199    |  0.9417   |  4.447    |  4.08     |  27.84    |  47.48    |
|  60       |  0.9972   |  0.657    |  2.964    |  0.7105   |  9.814    |  0.1684   |  89.61    |  133.9    |
|  61       |  0.9972   |  0.4039   |  3.898    |  0.5745   |  5.863    |  5.109    |  20.17    |  247.5    |
|  62       |  0.9976   |  0.8666   |  5.286    |  0.7591   |  0.26     |  4.421    |  59.09    |  173.6    |
|  63       |  0.9957   |  0.6024   |  6.795    |  0.4568   |  4.716    |  9.729    |  60.35    |  200.8    |
|  64       |  0.9975   |  0.7695   |  2.554    |  0.9049   |  5.583    |  8.138    |  50.04    |  32.92    |
|  65       |  0.9973   |  0.758    |  5.213    |  0.5869   |  0.7761   |  2.139    |  12.82    |  15.15    |
|  66       |  0.9976   |  0.8584   |  2.929    |  0.8459   |  3.889    |  1.406    |  29.92    |  47.54    |
|  67       |  0.9975   |  0.4777   |  4.732    |  0.9611   |  3.966    |  0.8324   |  28.58    |  42.75    |
|  68       |  0.9973   |  0.7785   |  3.258    |  0.6247   |  2.351    |  5.228    |  29.48    |  44.43    |
|  69       |  0.9974   |  0.4937   |  3.843    |  0.8744   |  9.004    |  0.9557   |  28.82    |  44.41    |
|  70       |  0.9973   |  0.5249   |  6.455    |  0.6359   |  5.976    |  1.449    |  33.77    |  46.58    |
|  71       |  0.9974   |  0.7289   |  6.526    |  0.5543   |  0.9687   |  0.1584   |  28.79    |  47.71    |
|  72       |  0.9975   |  0.8522   |  1.326    |  0.9959   |  4.384    |  3.381    |  79.57    |  94.18    |
|  73       |  0.9972   |  0.5364   |  2.271    |  0.6477   |  4.521    |  1.759    |  85.92    |  95.82    |
|  74       |  0.9976   |  0.5739   |  2.783    |  0.7874   |  0.9348   |  0.5345   |  77.59    |  92.41    |
|  75       |  0.9975   |  0.4554   |  6.64     |  0.889    |  0.6374   |  2.726    |  78.38    |  96.51    |
|  76       |  0.9972   |  0.5563   |  5.396    |  0.531    |  3.677    |  5.0      |  73.66    |  91.55    |
|  77       |  0.9957   |  0.561    |  5.04     |  0.422    |  5.975    |  4.13     |  26.82    |  103.8    |
|  78       |  0.9973   |  0.5987   |  6.515    |  0.6328   |  1.088    |  0.4099   |  81.54    |  90.57    |
|  79       |  0.9975   |  0.4507   |  1.713    |  0.9515   |  1.008    |  2.751    |  79.67    |  97.46    |
|  80       |  0.9976   |  0.6657   |  3.909    |  0.8821   |  3.432    |  0.4586   |  24.11    |  115.1    |
|  81       |  0.9973   |  0.9665   |  4.797    |  0.7327   |  5.121    |  1.546    |  29.79    |  115.1    |
|  82       |  0.9957   |  0.8591   |  1.806    |  0.4199   |  3.178    |  0.03545  |  73.47    |  98.69    |
|  83       |  0.9973   |  0.9112   |  6.456    |  0.6801   |  0.3931   |  2.479    |  84.23    |  95.09    |
|  84       |  0.9975   |  0.4121   |  4.065    |  0.768    |  1.806    |  3.835    |  80.22    |  92.67    |
|  85       |  0.9972   |  0.8264   |  1.365    |  0.6922   |  7.885    |  2.673    |  76.6     |  90.3     |
|  86       |  0.9976   |  0.5196   |  5.808    |  0.9037   |  0.91     |  3.979    |  27.06    |  114.9    |
|  87       |  0.9975   |  0.7964   |  2.169    |  0.9561   |  6.034    |  1.702    |  24.77    |  47.56    |
|  88       |  0.9973   |  0.6772   |  5.359    |  0.6534   |  5.815    |  5.65     |  22.76    |  113.9    |
|  89       |  0.9974   |  0.7596   |  2.739    |  0.5412   |  0.3422   |  1.345    |  27.56    |  111.7    |
|  90       |  0.9956   |  0.7536   |  6.344    |  0.455    |  0.5004   |  0.0541   |  24.38    |  112.6    |
|  91       |  0.9975   |  0.7037   |  3.235    |  0.9302   |  4.079    |  1.565    |  80.63    |  93.57    |
|  92       |  0.9973   |  0.617    |  5.678    |  0.5179   |  5.439    |  0.1182   |  28.96    |  46.99    |
|  93       |  0.9957   |  0.9966   |  3.646    |  0.4668   |  4.991    |  1.331    |  25.82    |  111.7    |
|  94       |  0.9976   |  0.633    |  1.04     |  0.7779   |  1.368    |  3.636    |  79.87    |  93.66    |
|  95       |  0.9973   |  0.7493   |  1.613    |  0.7286   |  0.863    |  2.844    |  82.58    |  94.06    |
|  96       |  0.9973   |  0.6888   |  4.113    |  0.7191   |  1.573    |  1.166    |  77.97    |  94.43    |
|  97       |  0.9973   |  0.7765   |  3.126    |  0.5812   |  3.281    |  1.415    |  30.09    |  43.32    |
|  98       |  0.9973   |  0.9723   |  2.09     |  0.717    |  0.6643   |  3.645    |  76.89    |  91.95    |
|  99       |  0.9956   |  0.412    |  3.311    |  0.4001   |  5.165    |  3.159    |  28.08    |  47.0     |
|  100      |  0.9976   |  0.5888   |  4.472    |  0.9685   |  2.351    |  0.8583   |  32.55    |  42.45    |
|  101      |  0.9975   |  0.6289   |  2.724    |  0.889    |  3.456    |  3.79     |  80.86    |  94.76    |
|  102      |  0.9976   |  0.8283   |  3.053    |  0.7629   |  1.307    |  1.015    |  81.3     |  95.07    |
|  103      |  0.9976   |  0.9521   |  2.272    |  0.9224   |  1.88     |  4.414    |  80.79    |  95.07    |
|  104      |  0.9974   |  0.9621   |  3.8      |  0.648    |  0.5405   |  3.068    |  78.42    |  95.91    |
|  105      |  0.9975   |  0.4113   |  3.993    |  0.779    |  3.014    |  2.293    |  83.66    |  93.06    |
|  106      |  0.9973   |  0.9127   |  1.935    |  0.5341   |  2.934    |  0.5141   |  79.6     |  91.81    |
|  107      |  0.9976   |  0.6734   |  3.551    |  0.8226   |  1.51     |  3.395    |  82.53    |  92.95    |
|  108      |  0.9973   |  0.8971   |  1.33     |  0.6049   |  1.46     |  5.52     |  78.63    |  95.11    |
|  109      |  0.9973   |  0.9875   |  4.082    |  0.6026   |  2.868    |  3.033    |  82.7     |  95.28    |
|  110      |  0.9957   |  0.6789   |  4.031    |  0.4385   |  4.802    |  0.1127   |  31.02    |  40.81    |
|  111      |  0.9976   |  0.876    |  5.162    |  0.7529   |  2.502    |  0.3529   |  81.75    |  94.93    |
|  112      |  0.9972   |  0.6826   |  3.729    |  0.6912   |  4.41     |  3.629    |  79.13    |  93.94    |
|  113      |  0.9976   |  0.7801   |  3.017    |  0.772    |  3.44     |  0.2524   |  80.41    |  95.14    |
|  114      |  0.9973   |  0.9194   |  5.817    |  0.6351   |  3.251    |  5.508    |  25.87    |  47.58    |
|  115      |  0.9976   |  0.9404   |  3.305    |  0.9883   |  1.775    |  2.063    |  81.66    |  91.44    |
|  116      |  0.9976   |  0.9569   |  6.664    |  0.778    |  1.348    |  4.177    |  28.37    |  46.93    |
|  117      |  0.9976   |  0.7696   |  5.449    |  0.9096   |  1.716    |  1.023    |  30.38    |  45.99    |
|  118      |  0.9972   |  0.5267   |  5.508    |  0.6445   |  4.703    |  0.8788   |  81.27    |  93.58    |
|  119      |  0.9976   |  0.8116   |  4.024    |  0.9296   |  2.385    |  0.1547   |  29.14    |  45.7     |
|  120      |  0.9956   |  0.5856   |  6.423    |  0.4935   |  2.214    |  0.578    |  28.16    |  43.59    |
|  121      |  0.9976   |  0.7289   |  3.837    |  0.9456   |  1.537    |  2.53     |  30.07    |  47.04    |
|  122      |  0.9973   |  0.5229   |  3.276    |  0.7373   |  1.469    |  0.1838   |  84.2     |  92.07    |
|  123      |  0.9974   |  0.7914   |  2.054    |  0.7229   |  2.489    |  1.501    |  33.16    |  45.48    |
|  124      |  0.9976   |  0.6329   |  5.496    |  0.9669   |  2.772    |  5.044    |  30.81    |  47.71    |
|  125      |  0.9973   |  0.8426   |  2.073    |  0.5628   |  1.021    |  3.342    |  81.65    |  96.36    |
|  126      |  0.9973   |  0.4333   |  6.147    |  0.7462   |  2.459    |  1.452    |  33.25    |  45.54    |
|  127      |  0.9972   |  0.6673   |  5.02     |  0.6813   |  3.953    |  1.198    |  79.33    |  96.84    |
|  128      |  0.9973   |  0.5814   |  2.995    |  0.5483   |  2.378    |  2.153    |  31.04    |  48.23    |
|  129      |  0.9976   |  0.6347   |  5.396    |  0.8462   |  0.0922   |  0.5614   |  82.43    |  93.73    |
|  130      |  0.9976   |  0.6155   |  5.034    |  0.8717   |  0.4197   |  1.356    |  31.65    |  47.65    |
|  131      |  0.9956   |  0.4783   |  3.459    |  0.4277   |  0.6966   |  2.284    |  81.01    |  93.51    |
|  132      |  0.9975   |  0.8793   |  2.024    |  0.8857   |  6.761    |  4.952    |  62.46    |  107.9    |
|  133      |  0.9972   |  0.7147   |  2.359    |  0.6395   |  7.746    |  1.198    |  75.21    |  94.5     |
|  134      |  0.9976   |  0.6978   |  5.196    |  0.8976   |  1.465    |  4.911    |  26.72    |  165.4    |
|  135      |  0.9976   |  0.8233   |  5.573    |  0.9335   |  0.4049   |  3.79     |  30.2     |  46.96    |
|  136      |  0.9976   |  0.756    |  5.726    |  0.9073   |  1.823    |  1.052    |  83.35    |  93.82    |
|  137      |  0.9973   |  0.4938   |  6.271    |  0.5195   |  3.963    |  3.124    |  29.63    |  47.47    |
|  138      |  0.9973   |  0.9237   |  3.41     |  0.5458   |  1.557    |  4.654    |  82.06    |  90.86    |
|  139      |  0.9976   |  0.8093   |  4.269    |  0.8645   |  2.03     |  3.202    |  31.5     |  48.08    |
|  140      |  0.9976   |  0.8872   |  2.104    |  0.7898   |  2.018    |  3.421    |  83.96    |  93.08    |
|  141      |  0.9972   |  0.4968   |  2.849    |  0.538    |  1.511    |  4.299    |  84.75    |  93.04    |
|  142      |  0.9976   |  0.7439   |  5.94     |  0.8201   |  0.6872   |  0.06624  |  80.8     |  94.79    |
|  143      |  0.9972   |  0.6823   |  2.76     |  0.5609   |  3.218    |  3.84     |  83.02    |  93.62    |
|  144      |  0.9976   |  0.7182   |  5.923    |  0.8251   |  1.837    |  2.848    |  28.42    |  48.52    |
|  145      |  0.9957   |  0.5987   |  2.498    |  0.4748   |  2.468    |  3.549    |  78.87    |  96.03    |
|  146      |  0.9976   |  0.9342   |  5.837    |  0.801    |  0.2394   |  5.302    |  26.76    |  166.8    |
|  147      |  0.9957   |  0.962    |  4.355    |  0.4277   |  0.5796   |  1.097    |  84.4     |  93.41    |
|  148      |  0.9974   |  0.8201   |  4.614    |  0.6727   |  1.347    |  3.37     |  30.66    |  46.75    |
|  149      |  0.9976   |  0.9817   |  5.388    |  0.926    |  2.532    |  2.768    |  32.38    |  48.51    |
|  150      |  0.9957   |  0.7477   |  3.441    |  0.4223   |  7.341    |  5.483    |  62.17    |  106.9    |
|  151      |  0.9973   |  0.6023   |  2.875    |  0.6193   |  2.37     |  1.313    |  30.35    |  46.03    |
|  152      |  0.9976   |  0.8233   |  5.912    |  0.8797   |  2.115    |  2.603    |  31.46    |  47.89    |
|  153      |  0.9973   |  0.5566   |  5.477    |  0.7171   |  1.116    |  5.565    |  26.45    |  165.8    |
|  154      |  0.9973   |  0.6347   |  2.544    |  0.637    |  1.999    |  0.2433   |  83.33    |  93.3     |
|  155      |  0.9976   |  0.6383   |  4.929    |  0.9395   |  2.825    |  2.413    |  31.76    |  48.56    |
|  156      |  0.9976   |  0.9165   |  4.709    |  0.7875   |  2.488    |  4.27     |  26.7     |  166.0    |
|  157      |  0.9974   |  0.7074   |  4.746    |  0.7453   |  1.262    |  0.3519   |  30.42    |  47.7     |
|  158      |  0.9957   |  0.9016   |  2.832    |  0.4042   |  2.763    |  3.706    |  79.25    |  92.08    |
|  159      |  0.9972   |  0.4224   |  3.363    |  0.6193   |  3.156    |  1.072    |  81.67    |  94.66    |
|  160      |  0.9972   |  0.7624   |  5.165    |  0.6231   |  3.693    |  1.306    |  83.3     |  93.54    |
|  161      |  0.9976   |  0.5836   |  3.985    |  0.7904   |  1.825    |  4.434    |  33.0     |  46.94    |
|  162      |  0.9973   |  0.8933   |  2.487    |  0.6848   |  2.353    |  4.907    |  81.54    |  95.93    |
|  163      |  0.9975   |  0.4927   |  5.373    |  0.819    |  3.043    |  3.785    |  30.42    |  49.07    |
|  164      |  0.9976   |  0.84     |  3.96     |  0.9393   |  0.2906   |  8.571    |  83.61    |  57.02    |
|  165      |  0.9976   |  0.7831   |  5.495    |  0.8033   |  1.709    |  4.212    |  32.46    |  49.16    |
|  166      |  0.9974   |  0.6611   |  3.988    |  0.7025   |  0.8819   |  3.155    |  28.68    |  46.78    |
|  167      |  0.9973   |  0.5513   |  4.652    |  0.6317   |  0.4417   |  4.418    |  29.49    |  46.91    |
|  168      |  0.9957   |  0.7686   |  5.195    |  0.4785   |  0.8579   |  5.457    |  30.4     |  47.77    |
|  169      |  0.9957   |  0.9163   |  5.289    |  0.4427   |  0.9399   |  0.6278   |  81.29    |  93.96    |
|  170      |  0.9976   |  0.5679   |  4.693    |  0.8984   |  2.26     |  1.961    |  30.73    |  45.51    |
|  171      |  0.9975   |  0.8077   |  4.895    |  0.8409   |  8.69     |  2.364    |  70.16    |  34.4     |
|  172      |  0.9975   |  0.6922   |  3.019    |  0.9652   |  7.395    |  0.8818   |  86.69    |  146.2    |
|  173      |  0.9976   |  0.7449   |  2.484    |  0.778    |  2.662    |  1.518    |  29.7     |  47.27    |
|  174      |  0.9971   |  0.5897   |  5.088    |  0.5414   |  7.114    |  9.164    |  67.65    |  100.2    |
|  175      |  0.9975   |  0.9923   |  5.441    |  0.9876   |  4.441    |  8.96     |  80.36    |  121.1    |
|  176      |  0.9972   |  0.6165   |  1.942    |  0.7126   |  1.941    |  5.675    |  63.18    |  154.6    |
|  177      |  0.9974   |  0.5446   |  2.579    |  0.9023   |  9.006    |  5.724    |  71.41    |  173.8    |
|  178      |  0.9956   |  0.7947   |  3.312    |  0.4327   |  0.7911   |  7.483    |  74.81    |  121.9    |
|  179      |  0.9976   |  0.9603   |  6.223    |  0.7642   |  2.325    |  2.852    |  31.99    |  48.43    |
|  180      |  0.9972   |  0.9039   |  2.948    |  0.5518   |  7.299    |  5.769    |  69.1     |  98.75    |
|  181      |  0.9976   |  0.8194   |  5.784    |  0.8176   |  2.273    |  5.801    |  88.2     |  190.3    |
|  182      |  0.9973   |  0.7833   |  2.763    |  0.502    |  1.026    |  1.161    |  81.46    |  93.96    |
|  183      |  0.9958   |  0.7277   |  5.774    |  0.4752   |  8.633    |  2.874    |  95.63    |  132.1    |
|  184      |  0.9972   |  0.4365   |  6.032    |  0.5567   |  2.683    |  0.1705   |  80.38    |  95.96    |
|  185      |  0.9972   |  0.6474   |  2.182    |  0.5341   |  3.816    |  3.553    |  81.79    |  94.21    |
|  186      |  0.9976   |  0.901    |  2.424    |  0.9802   |  0.6671   |  2.414    |  80.24    |  98.72    |
|  187      |  0.9973   |  0.7609   |  4.382    |  0.7005   |  2.118    |  4.76     |  32.38    |  49.43    |
|  188      |  0.9975   |  0.4933   |  1.904    |  0.9803   |  3.159    |  0.9668   |  80.51    |  93.09    |
|  189      |  0.9957   |  0.7815   |  3.741    |  0.4819   |  2.244    |  1.304    |  81.64    |  91.15    |
|  190      |  0.9973   |  0.7941   |  5.01     |  0.6245   |  2.991    |  1.463    |  26.8     |  111.3    |
|  191      |  0.9957   |  0.9717   |  2.471    |  0.4283   |  6.423    |  5.196    |  96.78    |  177.5    |
|  192      |  0.9973   |  0.5163   |  5.39     |  0.5281   |  3.034    |  2.515    |  28.95    |  48.41    |
|  193      |  0.9957   |  0.6578   |  4.156    |  0.4344   |  7.435    |  3.692    |  9.316    |  79.46    |
|  194      |  0.9976   |  0.9753   |  4.204    |  0.7978   |  5.126    |  1.627    |  73.23    |  175.0    |
|  195      |  0.9957   |  0.9059   |  2.932    |  0.4093   |  4.15     |  2.813    |  44.14    |  209.5    |
|  196      |  0.9956   |  0.5355   |  6.966    |  0.443    |  1.653    |  4.707    |  32.68    |  49.13    |
|  197      |  0.9957   |  0.5097   |  3.768    |  0.4657   |  7.604    |  3.539    |  41.26    |  47.09    |
|  198      |  0.9972   |  0.5442   |  5.814    |  0.7436   |  9.32     |  5.98     |  46.41    |  85.98    |
|  199      |  0.9976   |  0.7215   |  5.704    |  0.8687   |  0.373    |  6.395    |  26.11    |  167.0    |
|  200      |  0.9973   |  0.423    |  3.454    |  0.6241   |  1.222    |  0.03297  |  54.73    |  28.91    |
|  201      |  0.9972   |  0.5346   |  3.735    |  0.5534   |  3.363    |  6.936    |  50.4     |  213.9    |
|  202      |  0.9973   |  0.6326   |  4.696    |  0.6259   |  1.547    |  3.609    |  28.51    |  48.57    |
|  203      |  0.9957   |  0.8339   |  6.209    |  0.4401   |  3.453    |  1.433    |  25.88    |  110.0    |
|  204      |  0.9973   |  0.9373   |  2.508    |  0.5063   |  2.64     |  0.1759   |  74.19    |  62.01    |
|  205      |  0.9974   |  0.4715   |  1.882    |  0.7811   |  8.863    |  6.915    |  31.64    |  60.17    |
|  206      |  0.9975   |  0.5541   |  5.935    |  0.8464   |  3.444    |  8.207    |  17.14    |  22.71    |
|  207      |  0.9972   |  0.4296   |  3.981    |  0.6935   |  1.677    |  6.429    |  45.05    |  100.8    |
|  208      |  0.9975   |  0.4034   |  3.833    |  0.9749   |  1.111    |  5.458    |  25.95    |  165.3    |
|  209      |  0.9975   |  0.5435   |  1.379    |  0.8483   |  1.609    |  2.741    |  84.32    |  92.59    |
|  210      |  0.9976   |  0.5766   |  1.987    |  0.7734   |  0.06354  |  8.228    |  6.528    |  249.7    |
|  211      |  0.9975   |  0.564    |  6.991    |  0.9459   |  8.776    |  1.825    |  11.83    |  213.2    |
|  212      |  0.9974   |  0.5748   |  4.991    |  0.9521   |  8.302    |  9.924    |  71.22    |  157.3    |
|  213      |  0.9976   |  0.6718   |  5.61     |  0.8486   |  0.5752   |  4.672    |  49.03    |  45.79    |
|  214      |  0.9975   |  0.5969   |  2.256    |  0.9838   |  8.463    |  8.9      |  32.05    |  22.0     |
|  215      |  0.9976   |  0.6191   |  4.756    |  0.9592   |  2.744    |  0.5747   |  81.5     |  95.27    |
|  216      |  0.9973   |  0.8342   |  2.504    |  0.619    |  2.297    |  4.422    |  83.73    |  92.21    |
|  217      |  0.9975   |  0.4886   |  4.095    |  0.8399   |  3.04     |  1.974    |  30.95    |  47.42    |
|  218      |  0.9972   |  0.5618   |  1.088    |  0.7354   |  7.464    |  3.068    |  76.41    |  68.19    |
|  219      |  0.9973   |  0.8356   |  2.844    |  0.5064   |  1.807    |  3.685    |  81.65    |  95.68    |
|  220      |  0.9957   |  0.6323   |  4.586    |  0.4919   |  4.098    |  4.783    |  56.84    |  195.0    |
|  221      |  0.9957   |  0.9782   |  2.002    |  0.4693   |  0.08596  |  0.4869   |  83.84    |  94.35    |
|  222      |  0.9973   |  0.9894   |  1.358    |  0.6389   |  8.859    |  2.717    |  18.71    |  126.5    |
|  223      |  0.9973   |  0.9961   |  6.374    |  0.7317   |  2.676    |  5.023    |  85.91    |  101.5    |
|  224      |  0.9973   |  0.8118   |  3.263    |  0.7153   |  5.939    |  9.319    |  48.81    |  31.83    |
|  225      |  0.9973   |  0.7046   |  5.843    |  0.6298   |  1.363    |  5.129    |  48.32    |  46.35    |
|  226      |  0.9974   |  0.5732   |  1.524    |  0.9824   |  7.289    |  9.797    |  46.2     |  33.69    |
|  227      |  0.9975   |  0.4904   |  6.339    |  0.9389   |  2.74     |  0.8655   |  75.35    |  24.03    |
|  228      |  0.9975   |  0.6412   |  4.967    |  0.8906   |  9.501    |  3.936    |  59.63    |  207.7    |
|  229      |  0.9973   |  0.7854   |  4.406    |  0.5772   |  2.772    |  3.876    |  26.05    |  167.2    |
|  230      |  0.9976   |  0.6778   |  6.091    |  0.7775   |  2.187    |  2.287    |  27.65    |  46.76    |
|  231      |  0.9976   |  0.6107   |  5.677    |  0.9293   |  0.9963   |  3.0      |  82.81    |  89.92    |
|  232      |  0.9973   |  0.9232   |  3.452    |  0.7256   |  7.098    |  4.696    |  18.95    |  154.8    |
|  233      |  0.9973   |  0.8567   |  2.618    |  0.5652   |  4.326    |  0.8578   |  29.83    |  46.31    |
|  234      |  0.9975   |  0.9722   |  5.095    |  0.7501   |  5.701    |  5.261    |  22.8     |  113.4    |
|  235      |  0.9976   |  0.9911   |  4.034    |  0.7902   |  2.935    |  3.787    |  30.9     |  47.76    |
|  236      |  0.9973   |  0.9255   |  2.074    |  0.6912   |  3.926    |  5.331    |  56.05    |  117.2    |
|  237      |  0.9974   |  0.8016   |  5.744    |  0.5812   |  0.3311   |  5.59     |  25.46    |  166.6    |
|  238      |  0.9957   |  0.7526   |  1.146    |  0.4125   |  7.702    |  8.09     |  83.62    |  140.1    |
|  239      |  0.9974   |  0.7898   |  5.134    |  0.7051   |  1.297    |  2.372    |  30.73    |  47.24    |
|  240      |  0.9975   |  0.5656   |  3.011    |  0.8781   |  0.491    |  8.901    |  5.64     |  249.6    |
|  241      |  0.9974   |  0.9769   |  6.409    |  0.5377   |  1.466    |  2.476    |  27.9     |  49.68    |
|  242      |  0.9976   |  0.5137   |  4.194    |  0.7871   |  1.501    |  1.957    |  31.94    |  48.0     |
|  243      |  0.9957   |  0.8677   |  6.131    |  0.4585   |  2.838    |  1.611    |  27.79    |  47.97    |
|  244      |  0.9975   |  0.6514   |  1.614    |  0.9501   |  7.418    |  4.21     |  62.91    |  108.0    |
|  245      |  0.9973   |  0.7286   |  3.757    |  0.5036   |  1.653    |  4.147    |  81.95    |  91.94    |
|  246      |  0.9973   |  0.6593   |  3.046    |  0.5648   |  2.819    |  0.3155   |  32.28    |  42.33    |
|  247      |  0.9973   |  0.8411   |  4.649    |  0.6452   |  3.28     |  0.8206   |  29.87    |  45.8     |
|  248      |  0.9976   |  0.6983   |  4.257    |  0.9411   |  1.152    |  3.756    |  83.61    |  93.08    |
|  249      |  0.9976   |  0.6974   |  2.277    |  0.807    |  0.4682   |  9.891    |  6.588    |  250.2    |
|  250      |  0.9956   |  0.6242   |  6.923    |  0.4073   |  0.6162   |  3.356    |  28.86    |  47.45    |
|  251      |  0.9974   |  0.5551   |  4.933    |  0.913    |  7.435    |  7.358    |  90.61    |  118.1    |
|  252      |  0.9976   |  0.8855   |  3.879    |  0.9686   |  3.899    |  0.6552   |  24.92    |  115.2    |
|  253      |  0.9975   |  0.8803   |  6.266    |  0.9637   |  3.535    |  7.777    |  16.22    |  23.05    |
|  254      |  0.9973   |  0.9184   |  2.734    |  0.701    |  3.345    |  8.232    |  35.23    |  39.43    |
|  255      |  0.9957   |  0.7987   |  3.72     |  0.4484   |  1.188    |  5.36     |  26.31    |  165.3    |
|  256      |  0.9957   |  0.5449   |  1.521    |  0.4517   |  7.276    |  4.52     |  85.05    |  35.65    |
|  257      |  0.9957   |  0.9296   |  2.934    |  0.4659   |  1.545    |  0.8029   |  87.26    |  249.2    |
|  258      |  0.9975   |  0.7599   |  2.65     |  0.8418   |  9.492    |  3.926    |  72.27    |  115.8    |
|  259      |  0.9972   |  0.7324   |  3.815    |  0.7063   |  6.114    |  8.924    |  60.97    |  180.6    |
|  260      |  0.9973   |  0.9333   |  2.531    |  0.5402   |  3.658    |  0.1725   |  81.22    |  95.52    |
|  261      |  0.9957   |  0.4991   |  6.744    |  0.4097   |  6.148    |  2.745    |  83.51    |  238.0    |
|  262      |  0.9976   |  0.7462   |  2.993    |  0.9239   |  0.1172   |  0.5827   |  78.15    |  93.14    |
|  263      |  0.9972   |  0.7019   |  1.014    |  0.6534   |  9.616    |  3.818    |  36.67    |  52.39    |
|  264      |  0.9972   |  0.6709   |  5.085    |  0.6232   |  7.209    |  5.891    |  70.26    |  140.4    |
|  265      |  0.9973   |  0.8753   |  5.821    |  0.5284   |  2.323    |  5.588    |  88.9     |  191.1    |
|  266      |  0.9974   |  0.4762   |  1.078    |  0.7673   |  9.192    |  3.505    |  29.87    |  145.9    |
|  267      |  0.9974   |  0.9712   |  1.743    |  0.5645   |  0.5791   |  3.794    |  73.69    |  103.1    |
|  268      |  0.9973   |  0.6583   |  2.108    |  0.5149   |  0.9821   |  9.741    |  29.37    |  235.5    |
|  269      |  0.9976   |  0.9657   |  4.789    |  0.786    |  0.632    |  1.181    |  68.63    |  110.2    |
|  270      |  0.9975   |  0.8878   |  4.318    |  0.9712   |  7.355    |  6.175    |  36.24    |  113.6    |
|  271      |  0.9957   |  0.499    |  4.508    |  0.4849   |  2.97     |  5.606    |  60.71    |  158.5    |
|  272      |  0.9973   |  0.6754   |  6.847    |  0.6518   |  0.1645   |  2.403    |  84.05    |  94.82    |
|  273      |  0.9976   |  0.8938   |  5.076    |  0.9352   |  3.714    |  4.974    |  21.19    |  188.1    |
|  274      |  0.9973   |  0.9886   |  5.795    |  0.5828   |  9.463    |  4.351    |  10.34    |  60.79    |
|  275      |  0.9975   |  0.8349   |  1.321    |  0.8888   |  7.032    |  6.985    |  11.54    |  30.92    |
|  276      |  0.9975   |  0.9147   |  2.171    |  0.8026   |  5.435    |  8.479    |  50.73    |  33.15    |
|  277      |  0.9956   |  0.5078   |  4.214    |  0.4306   |  2.532    |  0.7497   |  31.08    |  48.36    |
|  278      |  0.9976   |  0.6066   |  5.374    |  0.8604   |  2.225    |  5.083    |  31.72    |  49.1     |
|  279      |  0.9974   |  0.8941   |  1.041    |  0.6548   |  1.846    |  0.5109   |  44.55    |  175.4    |
|  280      |  0.9975   |  0.4274   |  4.845    |  0.8094   |  1.562    |  4.268    |  89.68    |  58.07    |
|  281      |  0.9976   |  0.8775   |  5.81     |  0.9388   |  2.178    |  2.024    |  31.87    |  48.13    |
|  282      |  0.9973   |  0.7451   |  4.968    |  0.5176   |  5.528    |  3.106    |  23.27    |  101.4    |
|  283      |  0.9973   |  0.8084   |  4.015    |  0.6254   |  1.811    |  5.719    |  13.33    |  14.4     |
|  284      |  0.9972   |  0.4934   |  1.777    |  0.7166   |  7.404    |  6.819    |  8.161    |  240.4    |
|  285      |  0.9971   |  0.8624   |  4.709    |  0.6048   |  0.8977   |  5.931    |  45.93    |  7.214    |
|  286      |  0.9975   |  0.9858   |  6.34     |  0.7828   |  7.098    |  2.083    |  53.38    |  18.95    |
|  287      |  0.9973   |  0.647    |  6.556    |  0.6999   |  2.61     |  3.767    |  19.08    |  108.4    |
|  288      |  0.9957   |  0.6278   |  2.427    |  0.4578   |  8.212    |  9.146    |  7.938    |  239.5    |
|  289      |  0.9976   |  0.9196   |  2.844    |  0.7561   |  1.016    |  3.846    |  83.07    |  92.07    |
|  290      |  0.9957   |  0.5854   |  4.65     |  0.4747   |  5.414    |  5.117    |  46.1     |  13.16    |
|  291      |  0.9972   |  0.6384   |  4.761    |  0.5876   |  7.089    |  3.856    |  66.34    |  251.4    |
|  292      |  0.9973   |  0.4349   |  3.778    |  0.7385   |  3.95     |  0.321    |  29.23    |  46.75    |
|  293      |  0.9957   |  0.9808   |  3.7      |  0.4834   |  0.8355   |  2.154    |  30.14    |  47.34    |
|  294      |  0.9972   |  0.5434   |  1.934    |  0.5758   |  6.92     |  1.341    |  58.01    |  67.0     |
|  295      |  0.9922   |  0.4023   |  3.752    |  0.6981   |  1.573    |  3.533    |  22.22    |  3.827    |
|  296      |  0.9957   |  0.8361   |  4.816    |  0.4697   |  0.9457   |  4.511    |  91.29    |  49.67    |
|  297      |  0.9956   |  0.5759   |  4.642    |  0.4799   |  1.626    |  3.282    |  32.46    |  46.87    |
|  298      |  0.9972   |  0.513    |  2.56     |  0.7392   |  3.378    |  0.4514   |  46.24    |  44.0     |
|  299      |  0.9957   |  0.9887   |  4.776    |  0.4637   |  0.8994   |  9.643    |  84.51    |  55.69    |
|  300      |  0.9972   |  0.554    |  3.864    |  0.6377   |  4.241    |  6.116    |  50.19    |  214.0    |
|  301      |  0.9957   |  0.895    |  4.991    |  0.4647   |  1.814    |  3.401    |  46.7     |  202.0    |
|  302      |  0.9976   |  0.7068   |  2.952    |  0.7622   |  0.411    |  0.3382   |  81.64    |  95.64    |
|  303      |  0.9973   |  0.7928   |  4.635    |  0.6269   |  3.683    |  1.831    |  31.12    |  46.66    |
|  304      |  0.9973   |  0.6878   |  4.866    |  0.632    |  1.262    |  8.623    |  35.49    |  49.69    |
|  305      |  0.9976   |  0.6164   |  4.682    |  0.7614   |  1.247    |  3.343    |  89.69    |  57.96    |
|  306      |  0.9973   |  0.8181   |  4.922    |  0.6875   |  3.449    |  1.54     |  87.57    |  59.18    |
|  307      |  0.9972   |  0.9874   |  5.655    |  0.5845   |  3.019    |  6.209    |  74.25    |  11.13    |
|  308      |  0.9976   |  0.9208   |  4.265    |  0.764    |  0.862    |  4.128    |  89.59    |  58.66    |
|  309      |  0.9971   |  0.4996   |  6.411    |  0.5165   |  8.482    |  1.382    |  93.19    |  139.8    |
|  310      |  0.9972   |  0.501    |  6.871    |  0.6469   |  7.016    |  3.696    |  16.23    |  163.5    |
|  311      |  0.9957   |  0.9355   |  1.525    |  0.4899   |  2.11     |  1.452    |  72.1     |  244.5    |
|  312      |  0.9957   |  0.8048   |  2.898    |  0.4578   |  6.12     |  6.526    |  71.41    |  82.46    |
|  313      |  0.9975   |  0.7522   |  4.389    |  0.7651   |  2.94     |  5.27     |  95.41    |  14.57    |
|  314      |  0.9972   |  0.6581   |  4.511    |  0.6491   |  8.845    |  8.593    |  33.09    |  100.1    |
|  315      |  0.9973   |  0.7271   |  5.671    |  0.5996   |  3.319    |  2.325    |  31.33    |  48.96    |
|  316      |  0.9973   |  0.7825   |  5.627    |  0.6614   |  0.4796   |  4.195    |  89.45    |  58.45    |
|  317      |  0.9957   |  0.5289   |  1.902    |  0.4819   |  7.277    |  6.045    |  62.95    |  109.1    |
|  318      |  0.9957   |  0.7911   |  2.532    |  0.451    |  9.184    |  8.087    |  69.76    |  176.8    |
|  319      |  0.9975   |  0.4771   |  1.697    |  0.974    |  4.066    |  1.602    |  79.0     |  170.8    |
|  320      |  0.9971   |  0.9066   |  2.531    |  0.5804   |  2.37     |  2.443    |  35.41    |  8.047    |
|  321      |  0.9972   |  0.4555   |  1.963    |  0.6806   |  2.651    |  2.975    |  85.34    |  92.27    |
|  322      |  0.9972   |  0.4033   |  4.022    |  0.7335   |  5.023    |  2.768    |  19.65    |  52.88    |
|  323      |  0.9974   |  0.7803   |  5.868    |  0.6231   |  1.313    |  1.931    |  30.53    |  46.97    |
|  324      |  0.9975   |  0.8295   |  1.182    |  0.9619   |  4.129    |  9.161    |  58.27    |  133.1    |
|  325      |  0.9975   |  0.7331   |  5.015    |  0.8868   |  6.102    |  3.681    |  44.74    |  47.99    |
|  326      |  0.9975   |  0.5214   |  3.039    |  0.9945   |  7.007    |  3.524    |  44.47    |  110.7    |
|  327      |  0.9974   |  0.8271   |  4.264    |  0.5967   |  1.509    |  0.9281   |  30.07    |  45.98    |
|  328      |  0.9973   |  0.8679   |  3.188    |  0.7046   |  2.281    |  2.639    |  29.55    |  45.9     |
|  329      |  0.9975   |  0.6983   |  1.428    |  0.9255   |  7.8      |  5.392    |  62.91    |  107.3    |
|  330      |  0.9975   |  0.8903   |  3.226    |  0.8946   |  4.294    |  2.073    |  79.81    |  93.35    |
|  331      |  0.9957   |  0.6665   |  5.009    |  0.449    |  2.198    |  4.31     |  30.58    |  49.06    |
|  332      |  0.9976   |  0.9036   |  2.59     |  0.9654   |  3.328    |  2.364    |  29.28    |  46.66    |
|  333      |  0.9975   |  0.5098   |  5.914    |  0.9626   |  1.957    |  2.526    |  27.91    |  49.33    |
|  334      |  0.9972   |  0.7872   |  3.922    |  0.6925   |  8.666    |  9.555    |  71.62    |  157.8    |
|  335      |  0.9972   |  0.4161   |  3.332    |  0.6151   |  3.95     |  1.044    |  29.1     |  47.82    |
|  336      |  0.9975   |  0.6635   |  4.238    |  0.9935   |  6.712    |  5.647    |  14.81    |  95.36    |
|  337      |  0.9972   |  0.5515   |  1.413    |  0.6943   |  1.299    |  7.769    |  50.97    |  161.0    |
|  338      |  0.9972   |  0.8012   |  1.479    |  0.509    |  8.314    |  5.744    |  69.3     |  98.16    |
|  339      |  0.9973   |  0.963    |  1.206    |  0.6015   |  3.419    |  3.226    |  79.53    |  94.45    |
|  340      |  0.9972   |  0.6324   |  5.456    |  0.5432   |  3.358    |  5.546    |  77.22    |  149.9    |
|  341      |  0.9957   |  0.8432   |  2.412    |  0.4352   |  7.855    |  7.087    |  56.92    |  226.9    |
|  342      |  0.9957   |  0.6608   |  3.115    |  0.453    |  3.563    |  5.261    |  18.08    |  49.4     |
|  343      |  0.9975   |  0.9374   |  4.605    |  0.8431   |  7.939    |  6.749    |  35.88    |  197.3    |
|  344      |  0.9973   |  0.9719   |  4.009    |  0.6739   |  6.133    |  1.709    |  78.89    |  187.1    |
|  345      |  0.9975   |  0.629    |  2.719    |  0.7994   |  4.99     |  6.253    |  85.77    |  238.1    |
|  346      |  0.9972   |  0.5117   |  3.657    |  0.6131   |  4.482    |  0.01649  |  44.08    |  35.34    |
|  347      |  0.9974   |  0.5285   |  1.374    |  0.993    |  0.9676   |  8.602    |  92.3     |  8.305    |
|  348      |  0.9974   |  0.7535   |  5.641    |  0.5315   |  0.3667   |  3.356    |  27.23    |  115.2    |
|  349      |  0.9976   |  0.6969   |  3.667    |  0.8244   |  2.71     |  2.65     |  28.93    |  45.75    |
|  350      |  0.9956   |  0.6038   |  6.105    |  0.4093   |  1.913    |  2.291    |  28.99    |  49.58    |
|  351      |  0.9974   |  0.8844   |  4.654    |  0.6741   |  2.143    |  3.82     |  26.88    |  167.0    |
|  352      |  0.9971   |  0.4644   |  3.931    |  0.7299   |  9.792    |  8.357    |  32.42    |  100.3    |
|  353      |  0.9973   |  0.7857   |  4.458    |  0.5142   |  2.318    |  1.911    |  29.28    |  46.06    |
|  354      |  0.9971   |  0.4611   |  2.598    |  0.6011   |  8.782    |  8.704    |  64.69    |  73.88    |
|  355      |  0.9973   |  0.7823   |  6.432    |  0.7189   |  1.12     |  2.134    |  82.32    |  90.29    |
|  356      |  0.9973   |  0.5091   |  1.564    |  0.7242   |  2.879    |  3.285    |  29.47    |  46.57    |
|  357      |  0.9974   |  0.5922   |  5.655    |  0.9755   |  7.679    |  6.476    |  94.03    |  74.98    |
|  358      |  0.9975   |  0.7264   |  4.063    |  0.7865   |  7.527    |  4.033    |  39.04    |  132.7    |
|  359      |  0.9973   |  0.5593   |  5.163    |  0.6431   |  2.651    |  5.242    |  32.38    |  49.32    |
|  360      |  0.9957   |  0.9262   |  5.24     |  0.4046   |  0.8819   |  5.24     |  59.31    |  174.2    |
|  361      |  0.9973   |  0.9443   |  2.851    |  0.5734   |  3.162    |  3.283    |  80.34    |  94.0     |
|  362      |  0.9976   |  0.8856   |  4.529    |  0.8763   |  2.21     |  2.794    |  48.08    |  163.1    |
|  363      |  0.9976   |  0.8328   |  5.384    |  0.8965   |  1.904    |  1.538    |  82.69    |  94.19    |
|  364      |  0.9975   |  0.9298   |  1.427    |  0.9443   |  5.977    |  0.7039   |  75.62    |  91.93    |
|  365      |  0.9974   |  0.7129   |  2.886    |  0.7304   |  0.6277   |  0.4224   |  78.9     |  92.53    |
|  366      |  0.9972   |  0.5213   |  3.065    |  0.5316   |  9.25     |  9.252    |  19.17    |  140.4    |
|  367      |  0.9957   |  0.8036   |  3.123    |  0.4037   |  2.063    |  9.153    |  87.16    |  202.6    |
|  368      |  0.9972   |  0.4381   |  1.149    |  0.5233   |  7.411    |  6.501    |  8.192    |  240.8    |
|  369      |  0.9976   |  0.7087   |  3.282    |  0.7897   |  0.6798   |  1.268    |  77.56    |  93.15    |
|  370      |  0.9975   |  0.4321   |  6.382    |  0.9275   |  1.895    |  4.003    |  27.68    |  47.33    |
|  371      |  0.9972   |  0.5094   |  1.784    |  0.6654   |  8.006    |  6.742    |  12.82    |  203.9    |
|  372      |  0.9974   |  0.9336   |  5.787    |  0.6993   |  1.169    |  1.477    |  68.47    |  110.8    |
|  373      |  0.9976   |  0.7899   |  4.63     |  0.8047   |  0.09638  |  9.526    |  82.89    |  56.51    |
|  374      |  0.9976   |  0.4989   |  4.928    |  0.8884   |  0.8162   |  1.313    |  30.74    |  47.2     |
|  375      |  0.9957   |  0.8029   |  6.547    |  0.4306   |  6.058    |  8.195    |  81.3     |  61.49    |
|  376      |  0.9973   |  0.9466   |  2.263    |  0.5843   |  7.159    |  3.96     |  32.52    |  196.0    |
|  377      |  0.9972   |  0.6062   |  1.108    |  0.7223   |  3.394    |  3.057    |  85.02    |  207.2    |
|  378      |  0.9974   |  0.6007   |  4.906    |  0.7683   |  9.874    |  3.85     |  58.47    |  207.9    |
|  379      |  0.9972   |  0.9148   |  3.199    |  0.6868   |  8.348    |  2.448    |  55.94    |  19.34    |
|  380      |  0.9974   |  0.5595   |  5.444    |  0.8858   |  6.234    |  8.118    |  72.67    |  216.5    |
|  381      |  0.9957   |  0.772    |  1.533    |  0.4959   |  4.66     |  5.991    |  66.93    |  34.5     |
|  382      |  0.9973   |  0.7806   |  2.197    |  0.5733   |  7.654    |  0.1962   |  20.26    |  87.2     |
|  383      |  0.9973   |  0.6279   |  3.053    |  0.5296   |  5.85     |  1.575    |  24.28    |  48.75    |
|  384      |  0.9975   |  0.8708   |  1.778    |  0.7569   |  3.168    |  9.527    |  43.65    |  236.2    |
|  385      |  0.9973   |  0.7877   |  3.217    |  0.5487   |  6.984    |  7.01     |  9.767    |  108.7    |
|  386      |  0.9972   |  0.5295   |  5.198    |  0.5258   |  6.016    |  6.67     |  21.01    |  36.19    |
|  387      |  0.9974   |  0.4269   |  4.879    |  0.8078   |  6.878    |  4.076    |  88.25    |  167.7    |
|  388      |  0.9972   |  0.4308   |  6.066    |  0.6274   |  2.606    |  8.91     |  32.08    |  46.01    |
|  389      |  0.9975   |  0.8854   |  5.866    |  0.8584   |  4.046    |  8.196    |  53.12    |  66.55    |
|  390      |  0.9976   |  0.9658   |  5.511    |  0.8762   |  4.432    |  4.364    |  20.89    |  188.1    |
|  391      |  0.9957   |  0.5939   |  6.363    |  0.4828   |  2.095    |  3.91     |  81.8     |  221.0    |
|  392      |  0.9975   |  0.4704   |  4.877    |  0.8891   |  0.9633   |  5.383    |  89.52    |  190.5    |
|  393      |  0.9972   |  0.8353   |  4.84     |  0.5709   |  8.13     |  9.925    |  54.42    |  83.49    |
|  394      |  0.9974   |  0.4043   |  5.448    |  0.9861   |  7.086    |  4.752    |  75.04    |  202.3    |
|  395      |  0.9957   |  0.4786   |  6.098    |  0.4677   |  4.749    |  4.819    |  98.51    |  222.6    |
|  396      |  0.9975   |  0.8844   |  6.851    |  0.8494   |  2.96     |  6.253    |  91.36    |  66.27    |
|  397      |  0.9976   |  0.4905   |  5.456    |  0.8551   |  0.9521   |  0.8801   |  30.41    |  45.5     |
|  398      |  0.9976   |  0.7997   |  3.764    |  0.8936   |  2.703    |  0.6434   |  34.33    |  44.5     |
|  399      |  0.9976   |  0.7611   |  2.157    |  0.8008   |  0.8991   |  3.743    |  81.76    |  91.59    |
|  400      |  0.9975   |  0.5355   |  5.391    |  0.7566   |  0.5807   |  5.137    |  87.95    |  189.4    |
|  401      |  0.9973   |  0.9621   |  1.622    |  0.6342   |  4.877    |  5.336    |  53.09    |  32.7     |
|  402      |  0.9957   |  0.734    |  2.606    |  0.4749   |  7.274    |  3.334    |  24.9     |  35.97    |
|  403      |  0.9975   |  0.5072   |  3.004    |  0.8793   |  0.5495   |  9.05     |  62.5     |  177.5    |
|  404      |  0.9975   |  0.7598   |  6.702    |  0.9465   |  5.672    |  2.528    |  89.4     |  194.4    |
|  405      |  0.9975   |  0.8642   |  2.692    |  0.7918   |  6.548    |  8.556    |  50.32    |  32.07    |
|  406      |  0.9976   |  0.8152   |  2.379    |  0.9278   |  0.8882   |  2.44     |  82.98    |  91.24    |
|  407      |  0.9957   |  0.7657   |  4.6      |  0.4764   |  2.125    |  5.687    |  32.5     |  48.15    |
|  408      |  0.9975   |  0.9996   |  4.246    |  0.9662   |  6.522    |  1.843    |  91.46    |  54.25    |
|  409      |  0.9973   |  0.6871   |  4.366    |  0.6462   |  0.972    |  5.238    |  26.42    |  167.1    |
|  410      |  0.9976   |  0.9576   |  2.01     |  0.9813   |  0.6859   |  9.043    |  63.63    |  177.5    |
|  411      |  0.9957   |  0.6989   |  4.791    |  0.4017   |  8.018    |  5.336    |  23.95    |  62.69    |
|  412      |  0.9957   |  0.5386   |  4.667    |  0.4803   |  8.308    |  1.163    |  22.31    |  135.3    |
|  413      |  0.9973   |  0.6195   |  5.515    |  0.7179   |  4.372    |  3.522    |  27.57    |  48.65    |
|  414      |  0.9957   |  0.925    |  3.295    |  0.4578   |  2.677    |  2.035    |  30.62    |  46.36    |
|  415      |  0.9972   |  0.8002   |  3.826    |  0.5238   |  6.401    |  1.868    |  74.25    |  185.8    |
|  416      |  0.9974   |  0.8176   |  4.326    |  0.6933   |  2.961    |  0.775    |  34.59    |  45.29    |
|  417      |  0.9972   |  0.5414   |  2.421    |  0.7412   |  6.211    |  2.01     |  92.29    |  145.2    |
|  418      |  0.9957   |  0.5251   |  4.66     |  0.4275   |  3.418    |  1.404    |  18.63    |  203.6    |
|  419      |  0.9972   |  0.4526   |  4.234    |  0.6057   |  3.526    |  7.787    |  77.61    |  62.08    |
|  420      |  0.9973   |  0.9879   |  1.116    |  0.5399   |  7.698    |  3.714    |  73.09    |  124.3    |
|  421      |  0.9972   |  0.435    |  4.89     |  0.7122   |  6.932    |  4.603    |  13.47    |  94.95    |
|  422      |  0.9973   |  0.7966   |  6.787    |  0.5327   |  6.657    |  1.602    |  37.9     |  192.3    |
|  423      |  0.9957   |  0.8611   |  5.012    |  0.4771   |  1.955    |  2.79     |  30.62    |  47.71    |
|  424      |  0.9972   |  0.6845   |  2.968    |  0.5864   |  3.908    |  3.026    |  68.02    |  50.24    |
|  425      |  0.9957   |  0.7321   |  5.157    |  0.4091   |  0.5232   |  1.161    |  67.42    |  109.6    |
|  426      |  0.9957   |  0.8112   |  1.914    |  0.4412   |  6.198    |  6.497    |  36.54    |  159.1    |
|  427      |  0.9973   |  0.7742   |  3.332    |  0.6812   |  2.964    |  8.166    |  34.81    |  30.03    |
|  428      |  0.996    |  0.5071   |  5.889    |  0.4833   |  1.971    |  1.819    |  55.39    |  6.927    |
|  429      |  0.9972   |  0.5991   |  6.535    |  0.5831   |  2.641    |  1.83     |  73.77    |  22.77    |
|  430      |  0.9975   |  0.5924   |  1.241    |  0.8307   |  9.157    |  6.97     |  36.52    |  235.6    |
|  431      |  0.9976   |  0.7427   |  6.278    |  0.8916   |  0.7752   |  1.915    |  30.3     |  46.38    |
|  432      |  0.9957   |  0.7235   |  4.672    |  0.4816   |  3.952    |  8.009    |  36.82    |  210.5    |
|  433      |  0.9972   |  0.9447   |  5.914    |  0.5159   |  7.875    |  6.32     |  33.84    |  14.25    |
|  434      |  0.9973   |  0.9576   |  6.705    |  0.5488   |  1.14     |  6.353    |  79.95    |  242.5    |
|  435      |  0.9972   |  0.9118   |  3.217    |  0.6294   |  3.259    |  9.875    |  94.73    |  105.6    |
|  436      |  0.9972   |  0.6811   |  5.927    |  0.6998   |  4.952    |  6.034    |  66.45    |  65.11    |
|  437      |  0.9975   |  0.6656   |  4.623    |  0.9134   |  3.216    |  5.213    |  96.01    |  13.71    |
|  438      |  0.9974   |  0.9091   |  4.187    |  0.7286   |  1.959    |  0.801    |  28.73    |  90.65    |
|  439      |  0.9976   |  0.835    |  2.002    |  0.8059   |  3.875    |  0.5494   |  80.28    |  95.48    |
|  440      |  0.9975   |  0.5916   |  3.078    |  0.8127   |  5.404    |  4.953    |  70.62    |  31.3     |
|  441      |  0.9975   |  0.987    |  2.654    |  0.7547   |  6.974    |  5.955    |  10.2     |  109.6    |
|  442      |  0.9975   |  0.771    |  1.167    |  0.9608   |  7.154    |  5.061    |  63.45    |  107.7    |
|  443      |  0.9974   |  0.9808   |  5.948    |  0.6401   |  0.04694  |  3.85     |  59.9     |  173.6    |
|  444      |  0.9957   |  0.7098   |  4.077    |  0.4579   |  2.847    |  2.393    |  31.17    |  47.54    |
|  445      |  0.9957   |  0.9539   |  4.354    |  0.4886   |  8.544    |  3.333    |  90.5     |  224.6    |
|  446      |  0.9973   |  0.5247   |  2.848    |  0.7004   |  0.3427   |  0.8691   |  81.37    |  95.8     |
|  447      |  0.9957   |  0.792    |  5.051    |  0.4616   |  7.118    |  7.019    |  21.06    |  35.96    |
|  448      |  0.9972   |  0.8326   |  2.839    |  0.553    |  8.526    |  9.417    |  32.5     |  72.83    |
|  449      |  0.9976   |  0.9941   |  4.371    |  0.9516   |  1.139    |  3.576    |  90.12    |  57.21    |
|  450      |  0.9973   |  0.6042   |  6.363    |  0.6823   |  0.5156   |  5.969    |  26.63    |  166.8    |
|  451      |  0.9974   |  0.5449   |  4.706    |  0.9599   |  5.997    |  7.817    |  74.87    |  156.0    |
|  452      |  0.9957   |  0.7067   |  4.469    |  0.401    |  3.528    |  5.708    |  95.2     |  14.17    |
|  453      |  0.9973   |  0.7981   |  3.796    |  0.5467   |  1.667    |  5.317    |  47.3     |  53.73    |
|  454      |  0.9974   |  0.7907   |  4.879    |  0.5856   |  0.09366  |  1.203    |  31.07    |  48.09    |
|  455      |  0.9972   |  0.8563   |  6.783    |  0.7144   |  3.442    |  6.145    |  95.23    |  171.6    |
|  456      |  0.9975   |  0.7319   |  6.494    |  0.9827   |  9.662    |  5.312    |  47.83    |  204.4    |
|  457      |  0.9975   |  0.9703   |  5.645    |  0.9714   |  5.74     |  7.68     |  74.67    |  255.5    |
|  458      |  0.9973   |  0.7834   |  2.325    |  0.6918   |  6.201    |  6.186    |  9.454    |  108.4    |
|  459      |  0.9976   |  0.4551   |  4.658    |  0.8675   |  0.5767   |  0.3149   |  83.04    |  93.58    |
|  460      |  0.9975   |  0.7577   |  3.001    |  0.9983   |  5.245    |  2.333    |  63.59    |  139.7    |
|  461      |  0.9972   |  0.5623   |  3.723    |  0.6838   |  7.409    |  7.742    |  8.639    |  250.1    |
|  462      |  0.9973   |  0.8392   |  2.568    |  0.7149   |  4.68     |  1.418    |  29.52    |  46.96    |
|  463      |  0.9975   |  0.8658   |  3.136    |  0.8363   |  4.334    |  6.152    |  58.92    |  208.0    |
|  464      |  0.9971   |  0.4819   |  3.775    |  0.6455   |  9.3      |  5.945    |  71.75    |  187.4    |
|  465      |  0.9973   |  0.8064   |  6.119    |  0.7076   |  6.193    |  2.339    |  59.65    |  26.61    |
|  466      |  0.9976   |  0.7365   |  2.271    |  0.8867   |  0.7284   |  1.137    |  78.61    |  91.25    |
|  467      |  0.9957   |  0.663    |  3.205    |  0.4996   |  3.385    |  1.147    |  74.52    |  231.9    |
|  468      |  0.9975   |  0.6976   |  1.006    |  0.932    |  5.069    |  2.397    |  79.42    |  93.66    |
|  469      |  0.9976   |  0.8247   |  3.942    |  0.8516   |  4.655    |  0.4816   |  25.5     |  114.2    |
|  470      |  0.9972   |  0.4436   |  1.076    |  0.6629   |  8.12     |  3.999    |  28.48    |  104.0    |
|  471      |  0.9975   |  0.7979   |  6.267    |  0.918    |  2.945    |  6.287    |  91.95    |  65.64    |
|  472      |  0.9975   |  0.503    |  3.992    |  0.9011   |  1.886    |  6.994    |  45.21    |  100.8    |
|  473      |  0.9976   |  0.9401   |  3.89     |  0.9684   |  2.473    |  2.903    |  63.08    |  43.01    |
|  474      |  0.9972   |  0.5479   |  3.623    |  0.6897   |  1.515    |  4.009    |  83.73    |  92.75    |
|  475      |  0.9975   |  0.6208   |  1.712    |  0.8195   |  5.258    |  0.6853   |  45.0     |  58.42    |
|  476      |  0.9976   |  0.9992   |  6.036    |  0.8982   |  4.303    |  2.538    |  6.64     |  104.7    |
|  477      |  0.9975   |  0.505    |  1.083    |  0.8412   |  2.39     |  2.165    |  12.91    |  114.8    |
|  478      |  0.9976   |  0.7405   |  6.189    |  0.9918   |  2.612    |  0.9125   |  74.43    |  23.39    |
|  479      |  0.9973   |  0.8283   |  2.449    |  0.7169   |  3.594    |  7.552    |  47.03    |  219.0    |
|  480      |  0.9957   |  0.8648   |  5.9      |  0.433    |  0.7981   |  0.5345   |  65.99    |  24.19    |
|  481      |  0.9975   |  0.4564   |  1.326    |  0.8061   |  5.651    |  0.4443   |  44.15    |  58.02    |
|  482      |  0.9975   |  0.7175   |  5.54     |  0.8229   |  6.285    |  7.438    |  14.49    |  18.74    |
|  483      |  0.9975   |  0.884    |  6.006    |  0.9717   |  7.581    |  1.405    |  91.9     |  190.7    |
|  484      |  0.9972   |  0.525    |  3.02     |  0.6089   |  2.737    |  2.798    |  82.85    |  92.5     |
|  485      |  0.9973   |  0.7969   |  3.161    |  0.5286   |  2.355    |  2.514    |  62.95    |  62.9     |
|  486      |  0.9972   |  0.5905   |  3.502    |  0.5659   |  2.596    |  4.867    |  95.27    |  15.03    |
|  487      |  0.9975   |  0.4167   |  2.624    |  0.7819   |  2.321    |  2.639    |  86.63    |  116.7    |
|  488      |  0.9973   |  0.8947   |  2.056    |  0.6232   |  7.095    |  2.709    |  9.648    |  58.44    |
|  489      |  0.9971   |  0.517    |  6.539    |  0.6636   |  6.903    |  9.159    |  68.54    |  152.5    |
|  490      |  0.9976   |  0.8513   |  4.776    |  0.9998   |  4.122    |  0.6011   |  19.32    |  237.3    |
|  491      |  0.9975   |  0.7957   |  1.228    |  0.9834   |  6.326    |  3.512    |  82.24    |  74.47    |
|  492      |  0.9975   |  0.7873   |  2.191    |  0.9047   |  2.371    |  6.393    |  86.6     |  229.2    |
|  493      |  0.9975   |  0.7264   |  3.298    |  0.9379   |  6.113    |  8.265    |  59.69    |  27.76    |
|  494      |  0.9973   |  0.7723   |  1.949    |  0.7367   |  1.182    |  4.418    |  78.77    |  253.4    |
|  495      |  0.9976   |  0.9135   |  2.743    |  0.973    |  1.009    |  0.8444   |  81.23    |  95.71    |
|  496      |  0.9973   |  0.9541   |  6.903    |  0.7034   |  4.107    |  9.603    |  5.109    |  74.89    |
|  497      |  0.9957   |  0.6328   |  6.258    |  0.4802   |  8.075    |  8.835    |  13.65    |  100.5    |
|  498      |  0.9976   |  0.5319   |  6.109    |  0.9441   |  0.9898   |  5.413    |  47.87    |  46.49    |
|  499      |  0.9973   |  0.9499   |  1.332    |  0.6571   |  6.349    |  6.332    |  10.28    |  108.6    |
|  500      |  0.9976   |  0.5881   |  4.466    |  0.9774   |  1.031    |  5.684    |  25.24    |  167.5    |
|  501      |  0.9973   |  0.8974   |  2.12     |  0.5135   |  2.221    |  3.644    |  83.3     |  92.88    |
|  502      |  0.9973   |  0.5409   |  4.476    |  0.5591   |  2.249    |  1.352    |  33.45    |  42.44    |
|  503      |  0.9957   |  0.718    |  1.505    |  0.4354   |  6.594    |  2.229    |  24.27    |  47.86    |
|  504      |  0.9957   |  0.9149   |  1.235    |  0.4349   |  2.017    |  2.498    |  84.56    |  92.41    |
|  505      |  0.9976   |  0.8842   |  4.771    |  0.9875   |  0.3594   |  4.702    |  27.34    |  165.3    |
|  506      |  0.9975   |  0.6761   |  2.425    |  0.8941   |  8.23     |  5.865    |  7.379    |  249.7    |
|  507      |  0.9957   |  0.8587   |  4.856    |  0.4952   |  3.942    |  9.228    |  88.5     |  179.3    |
|  508      |  0.9972   |  0.874    |  5.622    |  0.5657   |  9.943    |  7.367    |  72.27    |  191.2    |
|  509      |  0.9957   |  0.6167   |  5.925    |  0.4148   |  9.453    |  4.664    |  69.76    |  210.2    |
|  510      |  0.9976   |  0.6662   |  4.57     |  0.8572   |  1.307    |  3.962    |  90.35    |  57.74    |
|  511      |  0.9975   |  0.5501   |  6.355    |  0.9342   |  2.179    |  4.567    |  62.07    |  98.99    |
|  512      |  0.9957   |  0.9221   |  2.255    |  0.4402   |  1.999    |  5.666    |  80.91    |  95.56    |
|  513      |  0.9975   |  0.4725   |  6.0      |  0.9003   |  3.384    |  4.831    |  20.65    |  189.3    |
|  514      |  0.9974   |  0.4468   |  5.653    |  0.8855   |  8.448    |  0.3681   |  71.35    |  149.7    |
|  515      |  0.9976   |  0.903    |  6.223    |  0.8914   |  1.752    |  2.217    |  28.11    |  46.04    |
|  516      |  0.9975   |  0.4702   |  3.293    |  0.9668   |  5.904    |  0.03867  |  78.63    |  71.19    |
|  517      |  0.9976   |  0.9647   |  5.216    |  0.9764   |  4.433    |  4.597    |  21.52    |  187.6    |
|  518      |  0.9975   |  0.8092   |  1.549    |  0.8783   |  6.655    |  4.614    |  62.46    |  106.7    |
|  519      |  0.9973   |  0.4885   |  6.791    |  0.6328   |  0.6668   |  4.579    |  48.32    |  45.71    |
|  520      |  0.9973   |  0.4544   |  5.854    |  0.7041   |  2.706    |  2.301    |  27.89    |  47.32    |
|  521      |  0.9975   |  0.5552   |  2.284    |  0.8071   |  2.706    |  6.587    |  86.07    |  228.7    |
|  522      |  0.9972   |  0.6016   |  3.023    |  0.5461   |  4.462    |  5.479    |  63.83    |  201.3    |
|  523      |  0.9972   |  0.8603   |  1.17     |  0.5838   |  9.573    |  8.911    |  61.05    |  205.3    |
|  524      |  0.9969   |  0.5627   |  2.275    |  0.7812   |  5.139    |  9.222    |  56.28    |  4.323    |
|  525      |  0.9956   |  0.426    |  3.989    |  0.45     |  5.442    |  7.652    |  21.61    |  230.5    |
|  526      |  0.9972   |  0.6901   |  2.922    |  0.6906   |  8.553    |  4.129    |  35.66    |  224.4    |
|  527      |  0.9976   |  0.9676   |  2.127    |  0.9363   |  2.853    |  1.576    |  67.68    |  177.8    |
|  528      |  0.9976   |  0.5654   |  5.227    |  0.9659   |  2.724    |  2.374    |  54.76    |  247.1    |
|  529      |  0.9976   |  0.7367   |  1.069    |  0.9913   |  0.7599   |  2.416    |  80.27    |  97.75    |
|  530      |  0.9975   |  0.9903   |  4.132    |  0.9025   |  9.5      |  5.841    |  83.13    |  77.35    |
|  531      |  0.9975   |  0.8324   |  5.722    |  0.7699   |  8.458    |  8.866    |  22.93    |  228.6    |
|  532      |  0.9973   |  0.9151   |  3.847    |  0.7198   |  0.5064   |  8.98     |  82.69    |  241.4    |
|  533      |  0.9975   |  0.8443   |  3.124    |  0.9147   |  8.052    |  0.6354   |  71.94    |  102.8    |
|  534      |  0.9957   |  0.5245   |  6.54     |  0.4505   |  3.996    |  0.8225   |  70.0     |  44.28    |
|  535      |  0.9973   |  0.6522   |  3.194    |  0.5855   |  3.607    |  0.6264   |  28.49    |  45.38    |
|  536      |  0.9957   |  0.9181   |  2.403    |  0.4984   |  9.712    |  6.196    |  37.5     |  207.6    |
|  537      |  0.9972   |  0.642    |  3.762    |  0.548    |  7.409    |  8.104    |  42.87    |  117.7    |
|  538      |  0.9975   |  0.5922   |  3.681    |  0.8764   |  4.404    |  0.4685   |  28.59    |  47.61    |
|  539      |  0.9958   |  0.7748   |  2.506    |  0.4391   |  5.92     |  9.726    |  59.13    |  10.09    |
|  540      |  0.9976   |  0.8174   |  4.397    |  0.9037   |  3.33     |  2.61     |  92.43    |  157.1    |
|  541      |  0.9957   |  0.6115   |  5.734    |  0.4766   |  0.6197   |  2.501    |  27.99    |  74.89    |
|  542      |  0.9972   |  0.4375   |  1.696    |  0.6688   |  7.852    |  6.336    |  10.84    |  139.6    |
|  543      |  0.9973   |  0.6882   |  2.897    |  0.5322   |  2.211    |  7.634    |  35.04    |  30.59    |
|  544      |  0.9975   |  0.7123   |  4.013    |  0.8512   |  8.374    |  6.86     |  19.58    |  246.4    |
|  545      |  0.9972   |  0.4479   |  6.229    |  0.7277   |  3.708    |  6.305    |  49.43    |  35.67    |
|  546      |  0.9957   |  0.5982   |  2.522    |  0.4662   |  9.984    |  3.842    |  72.27    |  116.2    |
|  547      |  0.9973   |  0.9009   |  1.914    |  0.733    |  8.6      |  6.604    |  31.61    |  60.21    |
|  548      |  0.9972   |  0.4286   |  4.575    |  0.556    |  7.377    |  6.81     |  36.1     |  196.9    |
|  549      |  0.9974   |  0.4752   |  1.76     |  0.7869   |  7.53     |  8.547    |  38.63    |  120.2    |
|  550      |  0.9973   |  0.6435   |  5.458    |  0.6323   |  4.323    |  6.934    |  41.86    |  235.3    |
=============================================================================================================

BEST HYPERPARAMETERS:
|  262      |  0.9976   |  0.7462   |  2.993    |  0.9239   |  0.1172   |  0.5827   |  78.15    |  93.14    |