HYPERPARAMETERS OF EACH ITERATION:
|   iter    |  target   | baggin... | baggin... | featur... | lambda_l1 | lambda_l2 | min_ch... | num_le... |
-------------------------------------------------------------------------------------------------------------
|  1        |  0.9939   |  0.6247   |  6.704    |  0.8392   |  5.987    |  1.56     |  19.82    |  16.75    |
|  2        |  0.994    |  0.9197   |  4.607    |  0.8248   |  0.2058   |  9.699    |  84.08    |  55.93    |
|  3        |  0.9931   |  0.5091   |  2.1      |  0.5825   |  5.248    |  4.319    |  32.67    |  157.4    |
|  4        |  0.9931   |  0.4837   |  2.753    |  0.6198   |  4.561    |  7.852    |  23.97    |  132.6    |
|  5        |  0.9941   |  0.7554   |  1.279    |  0.7645   |  1.705    |  0.6505   |  95.14    |  247.3    |
|  6        |  0.9892   |  0.885    |  2.828    |  0.4586   |  6.842    |  4.402    |  16.59    |  127.8    |
|  7        |  0.993    |  0.4206   |  6.456    |  0.5553   |  6.625    |  3.117    |  54.41    |  140.9    |
|  8        |  0.9936   |  0.5109   |  6.818    |  0.8651   |  9.395    |  8.948    |  61.8     |  236.2    |
|  9        |  0.989    |  0.4531   |  2.176    |  0.4271   |  3.253    |  3.887    |  30.78    |  212.5    |
|  10       |  0.9933   |  0.6141   |  2.686    |  0.7256   |  1.409    |  8.022    |  12.08    |  252.7    |
|  11       |  0.9891   |  0.8633   |  2.192    |  0.4033   |  8.155    |  7.069    |  74.26    |  197.9    |
|  12       |  0.989    |  0.4444   |  3.151    |  0.4695   |  8.631    |  6.233    |  36.44    |  18.14    |
|  13       |  0.9938   |  0.5866   |  2.951    |  0.8378   |  6.376    |  8.872    |  49.86    |  32.38    |
|  14       |  0.9931   |  0.8279   |  5.565    |  0.7368   |  7.71     |  4.938    |  54.66    |  110.6    |
|  15       |  0.989    |  0.4153   |  1.647    |  0.4189   |  6.364    |  3.144    |  53.31    |  232.5    |
|  16       |  0.994    |  0.5496   |  3.462    |  0.8533   |  2.288    |  0.7698   |  32.53    |  42.95    |
|  17       |  0.9939   |  0.9578   |  5.849    |  0.78     |  8.715    |  8.037    |  22.72    |  228.7    |
|  18       |  0.9941   |  0.7236   |  5.845    |  0.9377   |  3.18     |  1.101    |  26.65    |  110.5    |
|  19       |  0.9891   |  0.8908   |  6.164    |  0.4042   |  5.107    |  4.174    |  26.1     |  32.45    |
|  20       |  0.9931   |  0.6026   |  6.657    |  0.5939   |  5.188    |  7.03     |  39.54    |  248.8    |
|  21       |  0.9934   |  0.9775   |  2.511    |  0.6983   |  3.009    |  2.848    |  8.504    |  156.8    |
|  22       |  0.9931   |  0.7016   |  1.309    |  0.5672   |  9.083    |  2.396    |  18.77    |  126.3    |
|  23       |  0.994    |  0.9914   |  2.452    |  0.8033   |  7.616    |  2.376    |  74.18    |  95.42    |
|  24       |  0.9934   |  0.7794   |  4.801    |  0.7215   |  0.9029   |  8.353    |  35.47    |  49.38    |
|  25       |  0.994    |  0.4245   |  4.545    |  0.8065   |  0.1659   |  5.121    |  26.52    |  165.9    |
|  26       |  0.993    |  0.5046   |  5.146    |  0.632    |  9.367    |  1.375    |  37.4     |  30.82    |
|  27       |  0.9932   |  0.9548   |  6.264    |  0.5548   |  6.6      |  8.172    |  57.74    |  136.5    |
|  28       |  0.9938   |  0.5451   |  1.559    |  0.9383   |  9.004    |  6.331    |  37.21    |  90.7     |
|  29       |  0.9939   |  0.8356   |  6.383    |  0.9323   |  7.799    |  6.42     |  12.99    |  43.05    |
|  30       |  0.9892   |  0.9391   |  4.639    |  0.4055   |  1.015    |  6.635    |  5.481    |  42.85    |
|  31       |  0.994    |  0.7292   |  5.151    |  0.7912   |  2.243    |  7.122    |  27.54    |  84.65    |
|  32       |  0.994    |  0.8479   |  4.898    |  0.9095   |  6.576    |  5.683    |  13.9     |  95.4     |
|  33       |  0.9938   |  0.5591   |  2.464    |  0.9838   |  3.931    |  8.92     |  64.96    |  203.9    |
|  34       |  0.9927   |  0.7016   |  4.461    |  0.6955   |  1.952    |  7.225    |  31.67    |  8.176    |
|  35       |  0.9927   |  0.7873   |  2.063    |  0.9643   |  9.539    |  9.149    |  40.17    |  5.926    |
|  36       |  0.9939   |  0.957    |  3.569    |  0.98     |  9.636    |  8.53     |  32.97    |  99.81    |
|  37       |  0.9932   |  0.9107   |  2.902    |  0.5017   |  5.568    |  9.362    |  71.12    |  146.8    |
|  38       |  0.9939   |  0.4583   |  4.69     |  0.994    |  1.401    |  5.183    |  88.35    |  190.2    |
|  39       |  0.9933   |  0.8182   |  5.215    |  0.6157   |  2.936    |  8.094    |  81.96    |  222.2    |
|  40       |  0.9931   |  0.9479   |  4.068    |  0.7009   |  7.983    |  6.5      |  71.69    |  204.1    |
|  41       |  0.9934   |  0.934    |  3.028    |  0.6253   |  0.9398   |  5.783    |  8.415    |  120.3    |
|  42       |  0.9941   |  0.7256   |  2.719    |  0.7545   |  0.305    |  0.3735   |  83.15    |  93.49    |
|  43       |  0.9939   |  0.4762   |  4.133    |  0.862    |  2.158    |  6.229    |  13.11    |  15.13    |
|  44       |  0.9938   |  0.7188   |  4.244    |  0.7825   |  7.261    |  9.759    |  54.05    |  84.03    |
|  45       |  0.9934   |  0.8771   |  2.625    |  0.6634   |  0.7846   |  0.2535   |  96.45    |  214.3    |
|  46       |  0.9933   |  0.8176   |  3.454    |  0.504    |  1.564    |  2.502    |  57.18    |  183.5    |
|  47       |  0.9939   |  0.7961   |  2.68     |  0.9729   |  7.379    |  5.544    |  63.11    |  108.6    |
|  48       |  0.994    |  0.5486   |  3.136    |  0.8547   |  0.1439   |  1.161    |  9.37     |  12.35    |
|  49       |  0.9934   |  0.9133   |  5.222    |  0.6845   |  0.9783   |  4.916    |  49.98    |  45.99    |
|  50       |  0.994    |  0.6603   |  3.391    |  0.7695   |  6.351    |  0.453    |  40.59    |  161.0    |
|  51       |  0.9929   |  0.4562   |  3.368    |  0.6869   |  6.721    |  6.54     |  91.1     |  215.0    |
|  52       |  0.9937   |  0.4386   |  1.654    |  0.9378   |  8.499    |  7.519    |  31.5     |  128.4    |
|  53       |  0.9939   |  0.6554   |  3.045    |  0.9429   |  4.725    |  9.426    |  33.24    |  174.8    |
|  54       |  0.9939   |  0.9991   |  1.307    |  0.8695   |  7.423    |  7.924    |  38.18    |  120.0    |
|  55       |  0.9935   |  0.7336   |  6.422    |  0.7971   |  2.305    |  9.661    |  42.63    |  9.026    |
|  56       |  0.994    |  0.8855   |  2.156    |  0.9105   |  6.51     |  6.631    |  9.864    |  108.4    |
|  57       |  0.9939   |  0.8258   |  4.789    |  0.8811   |  6.739    |  8.448    |  25.48    |  245.8    |
|  58       |  0.9936   |  0.4715   |  6.702    |  0.981    |  9.533    |  9.249    |  27.46    |  109.0    |
|  59       |  0.994    |  0.9858   |  5.199    |  0.9417   |  4.447    |  4.08     |  27.84    |  47.48    |
|  60       |  0.9931   |  0.657    |  2.964    |  0.7105   |  9.814    |  0.1684   |  89.61    |  133.9    |
|  61       |  0.9931   |  0.4039   |  3.898    |  0.5745   |  5.863    |  5.109    |  20.17    |  247.5    |
|  62       |  0.9941   |  0.8666   |  5.286    |  0.7591   |  0.26     |  4.421    |  59.09    |  173.6    |
|  63       |  0.9889   |  0.6024   |  6.795    |  0.4568   |  4.716    |  9.729    |  60.35    |  200.8    |
|  64       |  0.9939   |  0.7695   |  2.554    |  0.9049   |  5.583    |  8.138    |  50.04    |  32.92    |
|  65       |  0.9938   |  0.5231   |  5.007    |  0.8048   |  3.034    |  2.934    |  10.86    |  11.99    |
|  66       |  0.994    |  0.8584   |  2.929    |  0.8459   |  3.889    |  1.406    |  29.92    |  47.54    |
|  67       |  0.9932   |  0.7732   |  2.336    |  0.5759   |  6.568    |  3.929    |  32.1     |  44.49    |
|  68       |  0.989    |  0.4154   |  4.191    |  0.4851   |  2.544    |  2.133    |  34.59    |  47.14    |
|  69       |  0.9934   |  0.7162   |  2.36     |  0.5979   |  3.007    |  2.835    |  27.65    |  47.25    |
|  70       |  0.9941   |  0.4073   |  1.772    |  0.8591   |  0.4467   |  1.585    |  30.91    |  41.44    |
|  71       |  0.9931   |  0.8772   |  2.816    |  0.7092   |  0.1294   |  2.984    |  11.9     |  14.55    |
|  72       |  0.994    |  0.5689   |  2.702    |  0.9963   |  4.558    |  0.7814   |  28.76    |  43.02    |
|  73       |  0.9933   |  0.8035   |  5.816    |  0.6486   |  3.615    |  1.284    |  28.96    |  41.37    |
|  74       |  0.9941   |  0.5613   |  4.274    |  0.9582   |  1.682    |  0.5644   |  28.72    |  43.59    |
|  75       |  0.9895   |  0.7922   |  3.348    |  0.4139   |  3.503    |  0.9997   |  7.225    |  12.97    |
|  76       |  0.9927   |  0.9096   |  5.148    |  0.5976   |  0.884    |  1.805    |  12.39    |  10.37    |
|  77       |  0.994    |  0.4163   |  1.627    |  0.9823   |  1.91     |  3.118    |  29.44    |  43.33    |
|  78       |  0.9933   |  0.5059   |  1.013    |  0.7481   |  2.802    |  4.109    |  29.85    |  39.63    |
|  79       |  0.9939   |  0.5482   |  3.936    |  0.7875   |  6.527    |  1.093    |  26.93    |  45.94    |
|  80       |  0.9935   |  0.7872   |  1.301    |  0.7404   |  0.283    |  0.3812   |  27.43    |  42.72    |
|  81       |  0.994    |  0.7729   |  4.074    |  0.93     |  5.714    |  0.2326   |  27.29    |  48.9     |
|  82       |  0.9934   |  0.6941   |  4.665    |  0.5011   |  0.8215   |  1.877    |  59.18    |  171.0    |
|  83       |  0.994    |  0.6082   |  4.048    |  0.9066   |  2.754    |  0.08785  |  79.84    |  93.07    |
|  84       |  0.994    |  0.5693   |  1.407    |  0.941    |  2.577    |  0.6917   |  81.54    |  97.07    |
|  85       |  0.9932   |  0.9001   |  5.583    |  0.6563   |  4.663    |  3.18     |  82.22    |  95.4     |
|  86       |  0.9938   |  0.6911   |  6.133    |  0.7779   |  4.154    |  4.404    |  14.7     |  12.9     |
|  87       |  0.9893   |  0.4814   |  2.549    |  0.4875   |  2.161    |  0.3298   |  77.73    |  96.82    |
|  88       |  0.9933   |  0.8022   |  3.638    |  0.7075   |  4.32     |  0.06009  |  81.76    |  90.32    |
|  89       |  0.9942   |  0.6902   |  4.271    |  0.9717   |  0.07227  |  0.0807   |  32.52    |  41.31    |
|  90       |  0.9939   |  0.5561   |  6.079    |  0.9185   |  5.463    |  3.529    |  24.63    |  47.65    |
|  91       |  0.9933   |  0.9519   |  2.428    |  0.6366   |  4.055    |  0.6084   |  84.57    |  95.51    |
|  92       |  0.9932   |  0.617    |  5.678    |  0.5179   |  5.439    |  0.1182   |  28.96    |  46.99    |
|  93       |  0.9891   |  0.4948   |  1.302    |  0.4546   |  1.903    |  0.662    |  34.06    |  40.48    |
|  94       |  0.9893   |  0.5504   |  5.712    |  0.4411   |  0.2834   |  0.03525  |  32.44    |  43.38    |
|  95       |  0.9934   |  0.9226   |  2.59     |  0.5067   |  4.137    |  0.09386  |  28.11    |  44.46    |
|  96       |  0.9933   |  0.4513   |  1.134    |  0.7264   |  2.408    |  1.637    |  29.94    |  44.09    |
|  97       |  0.9934   |  0.7765   |  3.126    |  0.5812   |  3.281    |  1.415    |  30.09    |  43.32    |
|  98       |  0.9933   |  0.887    |  3.476    |  0.7106   |  6.63     |  1.551    |  25.83    |  49.65    |
|  99       |  0.989    |  0.412    |  3.311    |  0.4001   |  5.165    |  3.159    |  28.08    |  47.0     |
|  100      |  0.994    |  0.5888   |  4.472    |  0.9685   |  2.351    |  0.8583   |  32.55    |  42.45    |
|  101      |  0.9941   |  0.553    |  4.986    |  0.8245   |  1.139    |  1.603    |  28.2     |  43.75    |
|  102      |  0.9891   |  0.4846   |  2.259    |  0.4342   |  0.9126   |  1.205    |  28.36    |  43.27    |
|  103      |  0.9941   |  0.9291   |  2.04     |  0.8186   |  3.601    |  0.6146   |  28.41    |  45.15    |
|  104      |  0.9891   |  0.794    |  1.777    |  0.4829   |  6.456    |  3.975    |  32.8     |  45.22    |
|  105      |  0.9939   |  0.5182   |  2.996    |  0.9697   |  5.022    |  8.566    |  31.86    |  174.8    |
|  106      |  0.9938   |  0.4608   |  5.702    |  0.8533   |  6.817    |  2.121    |  52.81    |  238.2    |
|  107      |  0.994    |  0.8468   |  4.508    |  0.9472   |  5.777    |  6.101    |  51.2     |  233.8    |
|  108      |  0.9932   |  0.6462   |  1.674    |  0.7071   |  5.141    |  2.185    |  90.7     |  96.06    |
|  109      |  0.9892   |  0.8305   |  2.007    |  0.4237   |  2.006    |  0.02438  |  81.89    |  97.91    |
|  110      |  0.9903   |  0.9837   |  5.048    |  0.6299   |  3.005    |  3.895    |  6.931    |  5.415    |
|  111      |  0.9939   |  0.665    |  6.025    |  0.9629   |  7.167    |  1.768    |  53.42    |  238.1    |
|  112      |  0.9936   |  0.5122   |  1.726    |  0.8878   |  7.087    |  9.554    |  85.89    |  195.0    |
|  113      |  0.9938   |  0.9784   |  1.153    |  0.9481   |  8.788    |  8.887    |  87.31    |  175.8    |
|  114      |  0.9938   |  0.4062   |  5.001    |  0.9936   |  3.381    |  4.996    |  73.12    |  26.18    |
|  115      |  0.989    |  0.9249   |  5.15     |  0.4258   |  2.094    |  3.228    |  80.84    |  149.8    |
|  116      |  0.9938   |  0.629    |  5.839    |  0.7866   |  5.153    |  4.509    |  14.97    |  13.89    |
|  117      |  0.9933   |  0.9567   |  2.942    |  0.6861   |  0.3042   |  4.523    |  94.95    |  168.6    |
|  118      |  0.9934   |  0.6469   |  6.803    |  0.5573   |  1.31     |  0.02854  |  94.64    |  137.7    |
|  119      |  0.9938   |  0.5358   |  2.231    |  0.7777   |  8.105    |  6.856    |  38.58    |  120.0    |
|  120      |  0.9931   |  0.5403   |  2.925    |  0.6064   |  2.965    |  8.402    |  62.69    |  213.6    |
|  121      |  0.9932   |  0.9141   |  4.156    |  0.5631   |  5.155    |  8.744    |  32.77    |  173.6    |
|  122      |  0.9937   |  0.49     |  3.792    |  0.9001   |  6.747    |  5.225    |  72.41    |  131.0    |
|  123      |  0.9931   |  0.5195   |  4.878    |  0.5427   |  7.439    |  9.805    |  25.41    |  246.2    |
|  124      |  0.9933   |  0.4743   |  3.279    |  0.595    |  0.4878   |  4.009    |  54.24    |  250.7    |
|  125      |  0.994    |  0.9538   |  4.483    |  0.8931   |  5.608    |  0.2478   |  28.26    |  49.12    |
|  126      |  0.9933   |  0.8333   |  6.04     |  0.5009   |  3.48     |  7.512    |  27.36    |  84.53    |
|  127      |  0.9931   |  0.6732   |  4.325    |  0.5484   |  9.155    |  1.589    |  78.92    |  73.85    |
|  128      |  0.9936   |  0.4735   |  4.455    |  0.8095   |  7.649    |  5.764    |  71.35    |  203.4    |
|  129      |  0.9941   |  0.4717   |  2.434    |  0.787    |  0.7991   |  0.08031  |  31.39    |  41.33    |
|  130      |  0.994    |  0.8748   |  4.653    |  0.8206   |  1.04     |  4.209    |  88.73    |  191.0    |
|  131      |  0.9939   |  0.4139   |  5.043    |  0.829    |  3.11     |  7.227    |  27.45    |  85.51    |
|  132      |  0.9939   |  0.8793   |  2.024    |  0.8857   |  6.761    |  4.952    |  62.46    |  107.9    |
|  133      |  0.9939   |  0.6627   |  5.3      |  0.827    |  5.018    |  5.733    |  51.28    |  233.6    |
|  134      |  0.994    |  0.6729   |  6.358    |  0.9162   |  4.566    |  4.012    |  25.65    |  47.87    |
|  135      |  0.994    |  0.4966   |  4.699    |  0.8426   |  1.785    |  7.94     |  26.49    |  85.72    |
|  136      |  0.994    |  0.5002   |  4.691    |  0.8007   |  2.623    |  1.394    |  28.64    |  44.37    |
|  137      |  0.994    |  0.7267   |  5.382    |  0.8662   |  4.914    |  0.6721   |  26.29    |  49.1     |
|  138      |  0.9934   |  0.7486   |  4.656    |  0.5873   |  2.311    |  1.205    |  31.45    |  40.72    |
|  139      |  0.9933   |  0.5809   |  1.311    |  0.7085   |  2.649    |  4.52     |  29.24    |  44.08    |
|  140      |  0.993    |  0.4466   |  1.885    |  0.7285   |  6.9      |  7.948    |  37.77    |  118.8    |
|  141      |  0.9933   |  0.9138   |  3.352    |  0.7069   |  5.208    |  0.2196   |  40.89    |  162.1    |
|  142      |  0.9938   |  0.4569   |  2.503    |  0.7772   |  5.595    |  9.935    |  31.75    |  174.0    |
|  143      |  0.9933   |  0.8049   |  3.953    |  0.5364   |  6.12     |  1.054    |  27.24    |  50.01    |
|  144      |  0.989    |  0.5328   |  6.568    |  0.4777   |  5.576    |  2.58     |  27.12    |  48.2     |
|  145      |  0.994    |  0.8561   |  3.598    |  0.9385   |  1.542    |  8.127    |  27.22    |  85.29    |
|  146      |  0.9931   |  0.6653   |  1.922    |  0.6965   |  6.739    |  5.039    |  63.74    |  108.0    |
|  147      |  0.9934   |  0.9275   |  5.213    |  0.5591   |  0.9621   |  7.04     |  26.3     |  84.56    |
|  148      |  0.994    |  0.9546   |  5.737    |  0.8705   |  3.429    |  5.537    |  13.78    |  14.01    |
|  149      |  0.994    |  0.9513   |  5.817    |  0.7784   |  3.763    |  4.308    |  13.79    |  14.94    |
|  150      |  0.9931   |  0.7175   |  5.355    |  0.7128   |  3.225    |  5.827    |  15.15    |  14.98    |
|  151      |  0.994    |  0.5374   |  2.48     |  0.9232   |  1.94     |  0.7675   |  96.01    |  247.0    |
|  152      |  0.9933   |  0.6992   |  4.77     |  0.6666   |  3.533    |  1.017    |  27.54    |  49.16    |
|  153      |  0.9933   |  0.5566   |  5.477    |  0.7171   |  1.116    |  5.565    |  26.45    |  165.8    |
|  154      |  0.989    |  0.5868   |  2.171    |  0.4797   |  3.957    |  2.023    |  29.24    |  44.15    |
|  155      |  0.9938   |  0.6293   |  2.577    |  0.9791   |  7.013    |  4.926    |  62.36    |  110.0    |
|  156      |  0.9934   |  0.8442   |  1.637    |  0.736    |  2.493    |  1.403    |  29.03    |  47.89    |
|  157      |  0.9938   |  0.6227   |  2.451    |  0.9878   |  5.324    |  8.634    |  50.17    |  31.33    |
|  158      |  0.994    |  0.9702   |  4.183    |  0.7964   |  4.182    |  6.138    |  51.12    |  234.1    |
|  159      |  0.9931   |  0.7117   |  6.197    |  0.6163   |  5.245    |  5.897    |  14.33    |  14.31    |
|  160      |  0.9931   |  0.9673   |  1.253    |  0.5771   |  7.307    |  4.09     |  62.83    |  109.6    |
|  161      |  0.9894   |  0.7955   |  6.407    |  0.4698   |  3.8      |  3.702    |  14.46    |  14.62    |
|  162      |  0.9938   |  0.5928   |  4.425    |  0.8537   |  7.971    |  0.13     |  98.66    |  111.2    |
|  163      |  0.9933   |  0.8084   |  4.917    |  0.5061   |  3.325    |  5.598    |  37.61    |  149.4    |
|  164      |  0.993    |  0.6177   |  5.115    |  0.715    |  7.242    |  6.833    |  97.59    |  134.8    |
|  165      |  0.9941   |  0.8761   |  3.047    |  0.8589   |  1.138    |  2.692    |  45.98    |  92.12    |
|  166      |  0.9932   |  0.8528   |  4.225    |  0.707    |  3.647    |  7.675    |  72.01    |  108.1    |
|  167      |  0.994    |  0.781    |  5.89     |  0.7706   |  1.256    |  9.072    |  35.31    |  48.85    |
|  168      |  0.9931   |  0.4809   |  4.36     |  0.6922   |  5.133    |  4.765    |  47.65    |  161.4    |
|  169      |  0.9931   |  0.4356   |  4.31     |  0.5066   |  1.129    |  3.064    |  98.93    |  28.54    |
|  170      |  0.9931   |  0.6123   |  3.161    |  0.7472   |  5.691    |  9.961    |  30.76    |  173.6    |
|  171      |  0.9939   |  0.8077   |  4.895    |  0.8409   |  8.69     |  2.364    |  70.16    |  34.4     |
|  172      |  0.9939   |  0.6922   |  3.019    |  0.9652   |  7.395    |  0.8818   |  86.69    |  146.2    |
|  173      |  0.9941   |  0.7449   |  2.484    |  0.778    |  2.662    |  1.518    |  29.7     |  47.27    |
|  174      |  0.993    |  0.5897   |  5.088    |  0.5414   |  7.114    |  9.164    |  67.65    |  100.2    |
|  175      |  0.9939   |  0.9923   |  5.441    |  0.9876   |  4.441    |  8.96     |  80.36    |  121.1    |
|  176      |  0.9932   |  0.6165   |  1.942    |  0.7126   |  1.941    |  5.675    |  63.18    |  154.6    |
|  177      |  0.9937   |  0.5446   |  2.579    |  0.9023   |  9.006    |  5.724    |  71.41    |  173.8    |
|  178      |  0.989    |  0.7947   |  3.312    |  0.4327   |  0.7911   |  7.483    |  74.81    |  121.9    |
|  179      |  0.9939   |  0.5291   |  5.429    |  0.8804   |  6.815    |  5.217    |  8.085    |  82.78    |
|  180      |  0.9931   |  0.9039   |  2.948    |  0.5518   |  7.299    |  5.769    |  69.1     |  98.75    |
|  181      |  0.994    |  0.8194   |  5.784    |  0.8176   |  2.273    |  5.801    |  88.2     |  190.3    |
|  182      |  0.9938   |  0.6648   |  1.756    |  0.9366   |  6.794    |  5.0      |  61.72    |  110.2    |
|  183      |  0.9891   |  0.7277   |  5.774    |  0.4752   |  8.633    |  2.874    |  95.63    |  132.1    |
|  184      |  0.9933   |  0.7766   |  5.393    |  0.5518   |  1.227    |  9.245    |  46.8     |  115.5    |
|  185      |  0.9939   |  0.6347   |  6.487    |  0.8014   |  7.548    |  1.17     |  26.75    |  114.3    |
|  186      |  0.9941   |  0.9779   |  6.7      |  0.9512   |  2.596    |  0.2328   |  39.06    |  186.2    |
|  187      |  0.9931   |  0.732    |  4.411    |  0.7244   |  6.719    |  6.602    |  51.4     |  235.1    |
|  188      |  0.9933   |  0.7522   |  6.565    |  0.5453   |  1.988    |  5.001    |  61.73    |  131.5    |
|  189      |  0.9932   |  0.7591   |  3.479    |  0.683    |  7.658    |  3.874    |  27.87    |  168.1    |
|  190      |  0.9932   |  0.4083   |  2.863    |  0.7236   |  1.804    |  7.361    |  26.71    |  85.62    |
|  191      |  0.9891   |  0.9717   |  2.471    |  0.4283   |  6.423    |  5.196    |  96.78    |  177.5    |
|  192      |  0.994    |  0.9737   |  4.965    |  0.807    |  5.006    |  0.0759   |  27.28    |  49.28    |
|  193      |  0.9939   |  0.6045   |  5.59     |  0.9158   |  7.426    |  6.293    |  13.54    |  95.27    |
|  194      |  0.9933   |  0.7899   |  4.162    |  0.5047   |  4.165    |  0.7658   |  28.7     |  48.87    |
|  195      |  0.9941   |  0.932    |  2.534    |  0.8864   |  3.392    |  0.7041   |  29.1     |  46.62    |
|  196      |  0.9941   |  0.9081   |  4.988    |  0.9128   |  1.436    |  0.9131   |  28.56    |  44.69    |
|  197      |  0.9891   |  0.9586   |  4.564    |  0.4066   |  2.424    |  1.542    |  27.61    |  43.89    |
|  198      |  0.993    |  0.5442   |  5.814    |  0.7436   |  9.32     |  5.98     |  46.41    |  85.98    |
|  199      |  0.9889   |  0.6011   |  3.195    |  0.4459   |  1.361    |  7.715    |  26.68    |  84.32    |
|  200      |  0.9933   |  0.423    |  3.454    |  0.6241   |  1.222    |  0.03297  |  54.73    |  28.91    |
|  201      |  0.9932   |  0.5346   |  3.735    |  0.5534   |  3.363    |  6.936    |  50.4     |  213.9    |
|  202      |  0.989    |  0.8152   |  1.951    |  0.4387   |  6.562    |  9.071    |  51.18    |  31.82    |
|  203      |  0.989    |  0.8339   |  6.209    |  0.4401   |  3.453    |  1.433    |  25.88    |  110.0    |
|  204      |  0.9934   |  0.9373   |  2.508    |  0.5063   |  2.64     |  0.1759   |  74.19    |  62.01    |
|  205      |  0.9937   |  0.4715   |  1.882    |  0.7811   |  8.863    |  6.915    |  31.64    |  60.17    |
|  206      |  0.9939   |  0.5541   |  5.935    |  0.8464   |  3.444    |  8.207    |  17.14    |  22.71    |
|  207      |  0.9932   |  0.4296   |  3.981    |  0.6935   |  1.677    |  6.429    |  45.05    |  100.8    |
|  208      |  0.994    |  0.4034   |  3.833    |  0.9749   |  1.111    |  5.458    |  25.95    |  165.3    |
|  209      |  0.9939   |  0.4579   |  3.713    |  0.8391   |  2.356    |  8.102    |  27.42    |  85.09    |
|  210      |  0.9941   |  0.5766   |  1.987    |  0.7734   |  0.06354  |  8.228    |  6.528    |  249.7    |
|  211      |  0.9939   |  0.564    |  6.991    |  0.9459   |  8.776    |  1.825    |  11.83    |  213.2    |
|  212      |  0.9937   |  0.5748   |  4.991    |  0.9521   |  8.302    |  9.924    |  71.22    |  157.3    |
|  213      |  0.9939   |  0.7473   |  5.068    |  0.9028   |  5.097    |  6.177    |  52.39    |  234.8    |
|  214      |  0.9938   |  0.5969   |  2.256    |  0.9838   |  8.463    |  8.9      |  32.05    |  22.0     |
|  215      |  0.9931   |  0.8628   |  6.2      |  0.6976   |  2.811    |  5.596    |  13.28    |  15.24    |
|  216      |  0.9934   |  0.797    |  2.027    |  0.6912   |  2.467    |  3.136    |  29.53    |  44.08    |
|  217      |  0.989    |  0.5327   |  2.652    |  0.4617   |  4.968    |  8.395    |  49.66    |  31.05    |
|  218      |  0.993    |  0.5618   |  1.088    |  0.7354   |  7.464    |  3.068    |  76.41    |  68.19    |
|  219      |  0.9932   |  0.8548   |  4.242    |  0.6487   |  6.692    |  1.169    |  35.41    |  221.2    |
|  220      |  0.989    |  0.6323   |  4.586    |  0.4919   |  4.098    |  4.783    |  56.84    |  195.0    |
|  221      |  0.993    |  0.4626   |  2.391    |  0.5676   |  8.708    |  2.147    |  69.92    |  50.59    |
|  222      |  0.9941   |  0.7292   |  5.205    |  0.968    |  0.7533   |  1.654    |  97.27    |  56.03    |
|  223      |  0.9933   |  0.9961   |  6.374    |  0.7317   |  2.676    |  5.023    |  85.91    |  101.5    |
|  224      |  0.9931   |  0.7946   |  3.166    |  0.5537   |  9.83     |  7.21     |  56.03    |  251.9    |
|  225      |  0.9931   |  0.5695   |  3.237    |  0.6509   |  6.953    |  0.6088   |  98.06    |  39.59    |
|  226      |  0.9938   |  0.5732   |  1.524    |  0.9824   |  7.289    |  9.797    |  46.2     |  33.69    |
|  227      |  0.9939   |  0.4904   |  6.339    |  0.9389   |  2.74     |  0.8655   |  75.35    |  24.03    |
|  228      |  0.9938   |  0.6412   |  4.967    |  0.8906   |  9.501    |  3.936    |  59.63    |  207.7    |
|  229      |  0.994    |  0.6821   |  1.038    |  0.7585   |  4.306    |  6.356    |  25.05    |  137.7    |
|  230      |  0.9891   |  0.6282   |  6.158    |  0.4194   |  7.917    |  0.5111   |  97.36    |  154.7    |
|  231      |  0.994    |  0.6107   |  5.677    |  0.9293   |  0.9963   |  3.0      |  82.81    |  89.92    |
|  232      |  0.9932   |  0.9232   |  3.452    |  0.7256   |  7.098    |  4.696    |  18.95    |  154.8    |
|  233      |  0.9933   |  0.9214   |  3.41     |  0.6372   |  3.885    |  5.407    |  82.76    |  173.9    |
|  234      |  0.994    |  0.9398   |  6.963    |  0.9017   |  6.066    |  5.236    |  39.3     |  67.11    |
|  235      |  0.994    |  0.927    |  3.255    |  0.9187   |  3.59     |  8.979    |  6.453    |  240.1    |
|  236      |  0.9933   |  0.9255   |  2.074    |  0.6912   |  3.926    |  5.331    |  56.05    |  117.2    |
|  237      |  0.9938   |  0.5315   |  3.953    |  0.7699   |  7.361    |  6.606    |  31.74    |  199.1    |
|  238      |  0.989    |  0.7526   |  1.146    |  0.4125   |  7.702    |  8.09     |  83.62    |  140.1    |
|  239      |  0.9931   |  0.4388   |  2.483    |  0.9942   |  0.2828   |  1.72     |  55.64    |  6.422    |
|  240      |  0.9891   |  0.909    |  5.689    |  0.4566   |  5.685    |  2.211    |  56.27    |  230.4    |
|  241      |  0.994    |  0.9307   |  5.784    |  0.8867   |  4.858    |  4.589    |  37.98    |  182.3    |
|  242      |  0.9939   |  0.6282   |  4.163    |  0.7538   |  7.74     |  1.862    |  12.35    |  236.9    |
|  243      |  0.9915   |  0.5996   |  5.98     |  0.8591   |  1.12     |  9.21     |  13.99    |  4.089    |
|  244      |  0.994    |  0.6865   |  4.324    |  0.8923   |  3.893    |  4.846    |  17.52    |  150.3    |
|  245      |  0.9931   |  0.5189   |  6.423    |  0.6184   |  6.412    |  1.134    |  82.52    |  36.83    |
|  246      |  0.9939   |  0.658    |  5.27     |  0.974    |  9.027    |  5.242    |  26.34    |  45.27    |
|  247      |  0.9937   |  0.4571   |  5.2      |  0.9466   |  8.835    |  0.8001   |  76.7     |  81.24    |
|  248      |  0.9885   |  0.8457   |  5.193    |  0.4756   |  1.357    |  3.374    |  47.08    |  8.539    |
|  249      |  0.9938   |  0.4928   |  1.267    |  0.814    |  4.31     |  5.25     |  57.13    |  87.54    |
|  250      |  0.9938   |  0.5122   |  4.912    |  0.885    |  8.529    |  6.047    |  11.26    |  43.77    |
|  251      |  0.9937   |  0.5551   |  4.933    |  0.913    |  7.435    |  7.358    |  90.61    |  118.1    |
|  252      |  0.9928   |  0.8666   |  5.618    |  0.5708   |  5.631    |  5.936    |  10.31    |  12.55    |
|  253      |  0.9937   |  0.6298   |  2.654    |  0.9435   |  8.234    |  9.005    |  78.16    |  216.6    |
|  254      |  0.9933   |  0.9184   |  2.734    |  0.701    |  3.345    |  8.232    |  35.23    |  39.43    |
|  255      |  0.9938   |  0.7766   |  3.814    |  0.9666   |  8.873    |  8.954    |  90.1     |  47.99    |
|  256      |  0.989    |  0.5449   |  1.521    |  0.4517   |  7.276    |  4.52     |  85.05    |  35.65    |
|  257      |  0.9891   |  0.9296   |  2.934    |  0.4659   |  1.545    |  0.8029   |  87.26    |  249.2    |
|  258      |  0.9938   |  0.7599   |  2.65     |  0.8418   |  9.492    |  3.926    |  72.27    |  115.8    |
|  259      |  0.9931   |  0.7324   |  3.815    |  0.7063   |  6.114    |  8.924    |  60.97    |  180.6    |
|  260      |  0.9939   |  0.4964   |  5.647    |  0.9325   |  4.11     |  4.594    |  20.67    |  86.56    |
|  261      |  0.9889   |  0.4991   |  6.744    |  0.4097   |  6.148    |  2.745    |  83.51    |  238.0    |
|  262      |  0.994    |  0.7865   |  5.681    |  0.9064   |  2.565    |  2.695    |  60.53    |  183.4    |
|  263      |  0.9931   |  0.7019   |  1.014    |  0.6534   |  9.616    |  3.818    |  36.67    |  52.39    |
|  264      |  0.9931   |  0.6709   |  5.085    |  0.6232   |  7.209    |  5.891    |  70.26    |  140.4    |
|  265      |  0.9891   |  0.8212   |  5.046    |  0.4897   |  7.483    |  6.907    |  62.82    |  90.13    |
|  266      |  0.9937   |  0.4762   |  1.078    |  0.7673   |  9.192    |  3.505    |  29.87    |  145.9    |
|  267      |  0.9934   |  0.9712   |  1.743    |  0.5645   |  0.5791   |  3.794    |  73.69    |  103.1    |
|  268      |  0.9933   |  0.6583   |  2.108    |  0.5149   |  0.9821   |  9.741    |  29.37    |  235.5    |
|  269      |  0.9941   |  0.9657   |  4.789    |  0.786    |  0.632    |  1.181    |  68.63    |  110.2    |
|  270      |  0.9939   |  0.8878   |  4.318    |  0.9712   |  7.355    |  6.175    |  36.24    |  113.6    |
|  271      |  0.989    |  0.499    |  4.508    |  0.4849   |  2.97     |  5.606    |  60.71    |  158.5    |
|  272      |  0.9941   |  0.953    |  4.972    |  0.8105   |  4.182    |  0.8289   |  12.75    |  104.1    |
|  273      |  0.994    |  0.8938   |  5.076    |  0.9352   |  3.714    |  4.974    |  21.19    |  188.1    |
|  274      |  0.9932   |  0.9886   |  5.795    |  0.5828   |  9.463    |  4.351    |  10.34    |  60.79    |
|  275      |  0.994    |  0.8349   |  1.321    |  0.8888   |  7.032    |  6.985    |  11.54    |  30.92    |
|  276      |  0.9932   |  0.7395   |  6.582    |  0.5792   |  5.926    |  0.8613   |  51.63    |  78.54    |
|  277      |  0.994    |  0.977    |  4.057    |  0.8242   |  2.122    |  6.996    |  77.52    |  211.0    |
|  278      |  0.9891   |  0.4506   |  5.283    |  0.4534   |  7.675    |  2.902    |  70.38    |  137.0    |
|  279      |  0.9935   |  0.8941   |  1.041    |  0.6548   |  1.846    |  0.5109   |  44.55    |  175.4    |
|  280      |  0.9939   |  0.4274   |  4.845    |  0.8094   |  1.562    |  4.268    |  89.68    |  58.07    |
|  281      |  0.9934   |  0.7889   |  1.057    |  0.7054   |  0.2444   |  4.31     |  35.13    |  179.8    |
|  282      |  0.9933   |  0.7451   |  4.968    |  0.5176   |  5.528    |  3.106    |  23.27    |  101.4    |
|  283      |  0.994    |  0.928    |  6.598    |  0.8142   |  7.676    |  3.576    |  37.48    |  138.1    |
|  284      |  0.9931   |  0.4934   |  1.777    |  0.7166   |  7.404    |  6.819    |  8.161    |  240.4    |
|  285      |  0.9924   |  0.8624   |  4.709    |  0.6048   |  0.8977   |  5.931    |  45.93    |  7.214    |
|  286      |  0.994    |  0.9858   |  6.34     |  0.7828   |  7.098    |  2.083    |  53.38    |  18.95    |
|  287      |  0.9934   |  0.647    |  6.556    |  0.6999   |  2.61     |  3.767    |  19.08    |  108.4    |
|  288      |  0.989    |  0.6278   |  2.427    |  0.4578   |  8.212    |  9.146    |  7.938    |  239.5    |
|  289      |  0.989    |  0.5258   |  3.116    |  0.4944   |  0.498    |  2.851    |  19.69    |  147.0    |
|  290      |  0.9891   |  0.5854   |  4.65     |  0.4747   |  5.414    |  5.117    |  46.1     |  13.16    |
|  291      |  0.9931   |  0.6384   |  4.761    |  0.5876   |  7.089    |  3.856    |  66.34    |  251.4    |
|  292      |  0.9892   |  0.7426   |  2.786    |  0.4664   |  1.528    |  0.03527  |  64.15    |  149.3    |
|  293      |  0.9939   |  0.8441   |  4.736    |  0.8991   |  8.293    |  0.7447   |  74.16    |  213.3    |
|  294      |  0.9931   |  0.5434   |  1.934    |  0.5758   |  6.92     |  1.341    |  58.01    |  67.0     |
|  295      |  0.9841   |  0.4023   |  3.752    |  0.6981   |  1.573    |  3.533    |  22.22    |  3.827    |
|  296      |  0.9891   |  0.8361   |  4.816    |  0.4697   |  0.9457   |  4.511    |  91.29    |  49.67    |
|  297      |  0.9939   |  0.6802   |  5.462    |  0.8202   |  9.174    |  3.144    |  22.26    |  193.6    |
|  298      |  0.9933   |  0.513    |  2.56     |  0.7392   |  3.378    |  0.4514   |  46.24    |  44.0     |
|  299      |  0.9914   |  0.7855   |  3.567    |  0.8798   |  9.119    |  5.93     |  82.33    |  4.881    |
|  300      |  0.9939   |  0.6931   |  5.926    |  0.92     |  7.72     |  9.834    |  27.75    |  106.1    |
|  301      |  0.989    |  0.895    |  4.991    |  0.4647   |  1.814    |  3.401    |  46.7     |  202.0    |
|  302      |  0.9931   |  0.7674   |  1.965    |  0.7457   |  9.189    |  6.43     |  35.14    |  50.19    |
|  303      |  0.9939   |  0.6612   |  5.59     |  0.8269   |  3.7      |  4.024    |  91.77    |  24.63    |
|  304      |  0.9932   |  0.7159   |  2.341    |  0.5956   |  4.222    |  3.053    |  67.51    |  102.6    |
|  305      |  0.9891   |  0.4981   |  2.315    |  0.4206   |  1.861    |  5.782    |  51.53    |  204.6    |
|  306      |  0.9933   |  0.8181   |  4.922    |  0.6875   |  3.449    |  1.54     |  87.57    |  59.18    |
|  307      |  0.9927   |  0.9874   |  5.655    |  0.5845   |  3.019    |  6.209    |  74.25    |  11.13    |
|  308      |  0.9933   |  0.827    |  6.126    |  0.9003   |  9.228    |  5.93     |  91.99    |  8.739    |
|  309      |  0.993    |  0.4996   |  6.411    |  0.5165   |  8.482    |  1.382    |  93.19    |  139.8    |
|  310      |  0.9931   |  0.501    |  6.871    |  0.6469   |  7.016    |  3.696    |  16.23    |  163.5    |
|  311      |  0.9891   |  0.9355   |  1.525    |  0.4899   |  2.11     |  1.452    |  72.1     |  244.5    |
|  312      |  0.989    |  0.8048   |  2.898    |  0.4578   |  6.12     |  6.526    |  71.41    |  82.46    |
|  313      |  0.9939   |  0.7522   |  4.389    |  0.7651   |  2.94     |  5.27     |  95.41    |  14.57    |
|  314      |  0.9938   |  0.8148   |  3.779    |  0.7508   |  6.47     |  7.764    |  16.08    |  12.2     |
|  315      |  0.9941   |  0.4093   |  4.678    |  0.8045   |  0.7636   |  0.3894   |  28.21    |  43.39    |
|  316      |  0.994    |  0.6186   |  1.902    |  0.8978   |  0.9685   |  6.027    |  37.98    |  69.02    |
|  317      |  0.989    |  0.5289   |  1.902    |  0.4819   |  7.277    |  6.045    |  62.95    |  109.1    |
|  318      |  0.989    |  0.7911   |  2.532    |  0.451    |  9.184    |  8.087    |  69.76    |  176.8    |
|  319      |  0.9939   |  0.4771   |  1.697    |  0.974    |  4.066    |  1.602    |  79.0     |  170.8    |
|  320      |  0.9927   |  0.9066   |  2.531    |  0.5804   |  2.37     |  2.443    |  35.41    |  8.047    |
|  321      |  0.9939   |  0.476    |  4.154    |  0.881    |  4.492    |  0.6297   |  68.61    |  143.6    |
|  322      |  0.9932   |  0.4033   |  4.022    |  0.7335   |  5.023    |  2.768    |  19.65    |  52.88    |
|  323      |  0.9938   |  0.63     |  2.182    |  0.9817   |  7.333    |  2.681    |  77.04    |  245.7    |
|  324      |  0.994    |  0.8295   |  1.182    |  0.9619   |  4.129    |  9.161    |  58.27    |  133.1    |
|  325      |  0.9939   |  0.7331   |  5.015    |  0.8868   |  6.102    |  3.681    |  44.74    |  47.99    |
|  326      |  0.9938   |  0.5214   |  3.039    |  0.9945   |  7.007    |  3.524    |  44.47    |  110.7    |
|  327      |  0.994    |  0.7392   |  4.986    |  0.878    |  6.823    |  3.03     |  12.21    |  137.0    |
|  328      |  0.9931   |  0.5279   |  6.86     |  0.529    |  7.16     |  3.829    |  32.07    |  76.09    |
|  329      |  0.989    |  0.4243   |  2.828    |  0.4207   |  2.701    |  6.758    |  79.31    |  61.91    |
|  330      |  0.9893   |  0.8837   |  1.835    |  0.422    |  0.1867   |  0.3176   |  62.66    |  101.6    |
|  331      |  0.9932   |  0.8296   |  2.113    |  0.5639   |  4.037    |  9.62     |  52.02    |  156.3    |
|  332      |  0.9934   |  0.981    |  4.026    |  0.7325   |  0.5699   |  8.115    |  37.44    |  221.4    |
|  333      |  0.9933   |  0.7016   |  3.715    |  0.633    |  1.076    |  4.465    |  81.91    |  193.2    |
|  334      |  0.989    |  0.529    |  3.134    |  0.4636   |  4.926    |  3.331    |  80.93    |  134.1    |
|  335      |  0.9891   |  0.6421   |  4.678    |  0.4435   |  0.7987   |  9.089    |  99.35    |  186.8    |
|  336      |  0.9933   |  0.7574   |  1.936    |  0.6983   |  0.9114   |  4.58     |  53.92    |  26.53    |
|  337      |  0.9932   |  0.5515   |  1.413    |  0.6943   |  1.299    |  7.769    |  50.97    |  161.0    |
|  338      |  0.9931   |  0.8012   |  1.479    |  0.509    |  8.314    |  5.744    |  69.3     |  98.16    |
|  339      |  0.9938   |  0.4052   |  1.051    |  0.7851   |  6.554    |  0.03652  |  44.01    |  69.22    |
|  340      |  0.9932   |  0.6324   |  5.456    |  0.5432   |  3.358    |  5.546    |  77.22    |  149.9    |
|  341      |  0.989    |  0.8432   |  2.412    |  0.4352   |  7.855    |  7.087    |  56.92    |  226.9    |
|  342      |  0.9891   |  0.6608   |  3.115    |  0.453    |  3.563    |  5.261    |  18.08    |  49.4     |
|  343      |  0.9939   |  0.9374   |  4.605    |  0.8431   |  7.939    |  6.749    |  35.88    |  197.3    |
|  344      |  0.9932   |  0.9719   |  4.009    |  0.6739   |  6.133    |  1.709    |  78.89    |  187.1    |
|  345      |  0.9938   |  0.629    |  2.719    |  0.7994   |  4.99     |  6.253    |  85.77    |  238.1    |
|  346      |  0.9933   |  0.5117   |  3.657    |  0.6131   |  4.482    |  0.01649  |  44.08    |  35.34    |
|  347      |  0.9934   |  0.5285   |  1.374    |  0.993    |  0.9676   |  8.602    |  92.3     |  8.305    |
|  348      |  0.989    |  0.8321   |  3.576    |  0.469    |  5.049    |  5.62     |  39.56    |  195.4    |
|  349      |  0.9937   |  0.5082   |  1.805    |  0.9355   |  0.5782   |  8.729    |  25.18    |  10.18    |
|  350      |  0.9931   |  0.9915   |  6.045    |  0.6771   |  9.722    |  1.516    |  62.72    |  236.0    |
|  351      |  0.9931   |  0.5379   |  2.328    |  0.5972   |  2.27     |  6.313    |  87.64    |  228.9    |
|  352      |  0.9936   |  0.407    |  3.441    |  0.7575   |  9.764    |  1.935    |  99.42    |  202.5    |
|  353      |  0.9937   |  0.499    |  6.215    |  0.829    |  9.018    |  0.4429   |  87.99    |  129.7    |
|  354      |  0.9929   |  0.4611   |  2.598    |  0.6011   |  8.782    |  8.704    |  64.69    |  73.88    |
|  355      |  0.9929   |  0.4483   |  2.484    |  0.7069   |  7.365    |  8.676    |  81.95    |  220.6    |
|  356      |  0.9939   |  0.8572   |  2.63     |  0.7569   |  5.323    |  8.259    |  95.38    |  217.4    |
|  357      |  0.9937   |  0.5922   |  5.655    |  0.9755   |  7.679    |  6.476    |  94.03    |  74.98    |
|  358      |  0.9939   |  0.7264   |  4.063    |  0.7865   |  7.527    |  4.033    |  39.04    |  132.7    |
|  359      |  0.9939   |  0.6511   |  6.822    |  0.7698   |  7.588    |  2.211    |  42.56    |  181.0    |
|  360      |  0.994    |  0.4251   |  6.821    |  0.9056   |  0.3065   |  2.381    |  74.22    |  167.7    |
|  361      |  0.9929   |  0.5068   |  1.503    |  0.6575   |  9.678    |  5.685    |  51.0     |  116.8    |
|  362      |  0.9941   |  0.8856   |  4.529    |  0.8763   |  2.21     |  2.794    |  48.08    |  163.1    |
|  363      |  0.9939   |  0.6424   |  4.656    |  0.8648   |  3.473    |  8.575    |  77.35    |  22.23    |
|  364      |  0.9939   |  0.9298   |  1.427    |  0.9443   |  5.977    |  0.7039   |  75.62    |  91.93    |
|  365      |  0.9939   |  0.9663   |  1.784    |  0.9359   |  2.053    |  9.603    |  99.02    |  13.86    |
|  366      |  0.993    |  0.5213   |  3.065    |  0.5316   |  9.25     |  9.252    |  19.17    |  140.4    |
|  367      |  0.989    |  0.8036   |  3.123    |  0.4037   |  2.063    |  9.153    |  87.16    |  202.6    |
|  368      |  0.9939   |  0.536    |  6.659    |  0.9804   |  7.074    |  3.743    |  29.43    |  178.3    |
|  369      |  0.9932   |  0.7306   |  2.957    |  0.6234   |  1.222    |  9.209    |  97.68    |  161.2    |
|  370      |  0.9931   |  0.5816   |  2.849    |  0.7214   |  9.071    |  4.591    |  29.28    |  113.3    |
|  371      |  0.993    |  0.5094   |  1.784    |  0.6654   |  8.006    |  6.742    |  12.82    |  203.9    |
|  372      |  0.9892   |  0.929    |  6.376    |  0.4308   |  1.464    |  4.294    |  18.37    |  108.7    |
|  373      |  0.9933   |  0.5251   |  5.499    |  0.5108   |  1.396    |  5.344    |  32.4     |  201.3    |
|  374      |  0.9932   |  0.5347   |  5.855    |  0.5764   |  0.2657   |  6.732    |  69.01    |  81.46    |
|  375      |  0.989    |  0.8029   |  6.547    |  0.4306   |  6.058    |  8.195    |  81.3     |  61.49    |
|  376      |  0.9932   |  0.9466   |  2.263    |  0.5843   |  7.159    |  3.96     |  32.52    |  196.0    |
|  377      |  0.9932   |  0.6062   |  1.108    |  0.7223   |  3.394    |  3.057    |  85.02    |  207.2    |
|  378      |  0.9939   |  0.7867   |  3.067    |  0.8227   |  6.046    |  4.761    |  59.27    |  123.9    |
|  379      |  0.9931   |  0.9148   |  3.199    |  0.6868   |  8.348    |  2.448    |  55.94    |  19.34    |
|  380      |  0.9938   |  0.5595   |  5.444    |  0.8858   |  6.234    |  8.118    |  72.67    |  216.5    |
|  381      |  0.9891   |  0.772    |  1.533    |  0.4959   |  4.66     |  5.991    |  66.93    |  34.5     |
|  382      |  0.9932   |  0.7806   |  2.197    |  0.5733   |  7.654    |  0.1962   |  20.26    |  87.2     |
|  383      |  0.989    |  0.9616   |  6.404    |  0.4269   |  1.188    |  9.381    |  67.06    |  27.37    |
|  384      |  0.994    |  0.8708   |  1.778    |  0.7569   |  3.168    |  9.527    |  43.65    |  236.2    |
|  385      |  0.9931   |  0.6892   |  3.146    |  0.5731   |  7.642    |  9.183    |  25.73    |  71.03    |
|  386      |  0.9931   |  0.5295   |  5.198    |  0.5258   |  6.016    |  6.67     |  21.01    |  36.19    |
|  387      |  0.9936   |  0.4269   |  4.879    |  0.8078   |  6.878    |  4.076    |  88.25    |  167.7    |
|  388      |  0.9932   |  0.4308   |  6.066    |  0.6274   |  2.606    |  8.91     |  32.08    |  46.01    |
|  389      |  0.994    |  0.8854   |  5.866    |  0.8584   |  4.046    |  8.196    |  53.12    |  66.55    |
|  390      |  0.9933   |  0.8044   |  2.222    |  0.5912   |  2.663    |  7.41     |  66.03    |  141.3    |
|  391      |  0.9891   |  0.5939   |  6.363    |  0.4828   |  2.095    |  3.91     |  81.8     |  221.0    |
|  392      |  0.9931   |  0.573    |  5.943    |  0.6555   |  5.011    |  4.394    |  79.89    |  76.2     |
|  393      |  0.9939   |  0.6052   |  6.17     |  0.8203   |  3.871    |  4.573    |  51.09    |  76.54    |
|  394      |  0.9936   |  0.4043   |  5.448    |  0.9861   |  7.086    |  4.752    |  75.04    |  202.3    |
|  395      |  0.9889   |  0.4786   |  6.098    |  0.4677   |  4.749    |  4.819    |  98.51    |  222.6    |
|  396      |  0.994    |  0.8844   |  6.851    |  0.8494   |  2.96     |  6.253    |  91.36    |  66.27    |
|  397      |  0.993    |  0.5329   |  1.928    |  0.5005   |  8.579    |  8.121    |  73.38    |  133.3    |
|  398      |  0.9941   |  0.7997   |  3.764    |  0.8936   |  2.703    |  0.6434   |  34.33    |  44.5     |
|  399      |  0.9931   |  0.775    |  6.082    |  0.5507   |  8.557    |  9.735    |  84.96    |  108.7    |
|  400      |  0.9939   |  0.8066   |  6.431    |  0.8503   |  9.152    |  6.529    |  20.43    |  18.09    |
|  401      |  0.9933   |  0.9621   |  1.622    |  0.6342   |  4.877    |  5.336    |  53.09    |  32.7     |
|  402      |  0.9891   |  0.734    |  2.606    |  0.4749   |  7.274    |  3.334    |  24.9     |  35.97    |
|  403      |  0.9939   |  0.5072   |  3.004    |  0.8793   |  0.5495   |  9.05     |  62.5     |  177.5    |
|  404      |  0.9939   |  0.7598   |  6.702    |  0.9465   |  5.672    |  2.528    |  89.4     |  194.4    |
|  405      |  0.994    |  0.9642   |  3.023    |  0.9675   |  5.835    |  4.401    |  18.72    |  19.05    |
|  406      |  0.9931   |  0.9253   |  1.397    |  0.6429   |  7.769    |  8.298    |  83.79    |  252.6    |
|  407      |  0.993    |  0.44     |  3.953    |  0.5564   |  6.12     |  9.551    |  57.86    |  86.49    |
|  408      |  0.9939   |  0.9996   |  4.246    |  0.9662   |  6.522    |  1.843    |  91.46    |  54.25    |
|  409      |  0.9941   |  0.8955   |  5.637    |  0.8098   |  0.7305   |  0.2411   |  68.28    |  187.8    |
|  410      |  0.9933   |  0.7547   |  3.541    |  0.6261   |  5.897    |  1.425    |  15.72    |  194.8    |
|  411      |  0.989    |  0.6989   |  4.791    |  0.4017   |  8.018    |  5.336    |  23.95    |  62.69    |
|  412      |  0.989    |  0.5386   |  4.667    |  0.4803   |  8.308    |  1.163    |  22.31    |  135.3    |
|  413      |  0.9939   |  0.4209   |  4.619    |  0.853    |  3.104    |  2.604    |  45.42    |  155.6    |
|  414      |  0.989    |  0.7929   |  4.029    |  0.4822   |  0.6228   |  9.252    |  91.65    |  113.8    |
|  415      |  0.9932   |  0.8002   |  3.826    |  0.5238   |  6.401    |  1.868    |  74.25    |  185.8    |
|  416      |  0.994    |  0.7623   |  6.177    |  0.8466   |  2.915    |  1.314    |  81.8     |  106.8    |
|  417      |  0.9931   |  0.5414   |  2.421    |  0.7412   |  6.211    |  2.01     |  92.29    |  145.2    |
|  418      |  0.9891   |  0.5251   |  4.66     |  0.4275   |  3.418    |  1.404    |  18.63    |  203.6    |
|  419      |  0.9931   |  0.4526   |  4.234    |  0.6057   |  3.526    |  7.787    |  77.61    |  62.08    |
|  420      |  0.9931   |  0.9879   |  1.116    |  0.5399   |  7.698    |  3.714    |  73.09    |  124.3    |
|  421      |  0.9932   |  0.5142   |  3.957    |  0.6704   |  5.523    |  1.23     |  32.57    |  241.8    |
|  422      |  0.9932   |  0.7966   |  6.787    |  0.5327   |  6.657    |  1.602    |  37.9     |  192.3    |
|  423      |  0.9932   |  0.5716   |  1.662    |  0.696    |  1.767    |  8.87     |  74.02    |  107.6    |
|  424      |  0.9932   |  0.6845   |  2.968    |  0.5864   |  3.908    |  3.026    |  68.02    |  50.24    |
|  425      |  0.9933   |  0.453    |  3.209    |  0.6572   |  0.1532   |  6.856    |  15.64    |  32.79    |
|  426      |  0.9891   |  0.8112   |  1.914    |  0.4412   |  6.198    |  6.497    |  36.54    |  159.1    |
|  427      |  0.9933   |  0.7742   |  3.332    |  0.6812   |  2.964    |  8.166    |  34.81    |  30.03    |
|  428      |  0.9876   |  0.5071   |  5.889    |  0.4833   |  1.971    |  1.819    |  55.39    |  6.927    |
|  429      |  0.9932   |  0.5991   |  6.535    |  0.5831   |  2.641    |  1.83     |  73.77    |  22.77    |
|  430      |  0.9938   |  0.5924   |  1.241    |  0.8307   |  9.157    |  6.97     |  36.52    |  235.6    |
|  431      |  0.9927   |  0.8198   |  1.786    |  0.6235   |  0.1016   |  6.385    |  36.87    |  9.875    |
|  432      |  0.989    |  0.7235   |  4.672    |  0.4816   |  3.952    |  8.009    |  36.82    |  210.5    |
|  433      |  0.993    |  0.9447   |  5.914    |  0.5159   |  7.875    |  6.32     |  33.84    |  14.25    |
|  434      |  0.9933   |  0.9576   |  6.705    |  0.5488   |  1.14     |  6.353    |  79.95    |  242.5    |
|  435      |  0.9932   |  0.9118   |  3.217    |  0.6294   |  3.259    |  9.875    |  94.73    |  105.6    |
|  436      |  0.9931   |  0.6811   |  5.927    |  0.6998   |  4.952    |  6.034    |  66.45    |  65.11    |
|  437      |  0.9941   |  0.6837   |  4.722    |  0.9064   |  0.4524   |  0.06975  |  33.44    |  41.54    |
|  438      |  0.9934   |  0.9091   |  4.187    |  0.7286   |  1.959    |  0.801    |  28.73    |  90.65    |
|  439      |  0.9939   |  0.7003   |  4.344    |  0.861    |  2.788    |  7.913    |  74.39    |  33.38    |
|  440      |  0.9938   |  0.5916   |  3.078    |  0.8127   |  5.404    |  4.953    |  70.62    |  31.3     |
|  441      |  0.994    |  0.7976   |  6.162    |  0.9743   |  3.17     |  0.3978   |  81.68    |  107.5    |
|  442      |  0.9933   |  0.4743   |  5.903    |  0.5515   |  1.073    |  0.7188   |  68.3     |  187.2    |
|  443      |  0.9931   |  0.8278   |  4.216    |  0.7151   |  8.113    |  7.085    |  83.59    |  91.69    |
|  444      |  0.9932   |  0.6024   |  3.264    |  0.7301   |  2.65     |  8.914    |  11.82    |  126.4    |
|  445      |  0.9891   |  0.9539   |  4.354    |  0.4886   |  8.544    |  3.333    |  90.5     |  224.6    |
|  446      |  0.9929   |  0.4326   |  3.462    |  0.6695   |  4.843    |  8.156    |  95.25    |  217.4    |
|  447      |  0.9939   |  0.7325   |  1.889    |  0.9546   |  4.85     |  7.053    |  85.73    |  104.7    |
|  448      |  0.9931   |  0.8326   |  2.839    |  0.553    |  8.526    |  9.417    |  32.5     |  72.83    |
|  449      |  0.9934   |  0.7348   |  3.484    |  0.7064   |  0.5215   |  0.4725   |  76.89    |  229.6    |
|  450      |  0.9941   |  0.7024   |  6.318    |  0.8704   |  0.8961   |  1.357    |  97.18    |  55.63    |
|  451      |  0.9938   |  0.5449   |  4.706    |  0.9599   |  5.997    |  7.817    |  74.87    |  156.0    |
|  452      |  0.9939   |  0.6472   |  1.746    |  0.9871   |  4.412    |  1.577    |  79.31    |  171.5    |
|  453      |  0.9934   |  0.7981   |  3.796    |  0.5467   |  1.667    |  5.317    |  47.3     |  53.73    |
|  454      |  0.9939   |  0.5673   |  6.574    |  0.8999   |  4.759    |  4.203    |  20.44    |  86.66    |
|  455      |  0.9932   |  0.8563   |  6.783    |  0.7144   |  3.442    |  6.145    |  95.23    |  171.6    |
|  456      |  0.9938   |  0.7319   |  6.494    |  0.9827   |  9.662    |  5.312    |  47.83    |  204.4    |
|  457      |  0.9939   |  0.9703   |  5.645    |  0.9714   |  5.74     |  7.68     |  74.67    |  255.5    |
|  458      |  0.9932   |  0.7834   |  2.325    |  0.6918   |  6.201    |  6.186    |  9.454    |  108.4    |
|  459      |  0.993    |  0.4405   |  4.847    |  0.5713   |  6.321    |  6.383    |  51.69    |  235.5    |
|  460      |  0.9939   |  0.7577   |  3.001    |  0.9983   |  5.245    |  2.333    |  63.59    |  139.7    |
|  461      |  0.9934   |  0.6212   |  3.904    |  0.6611   |  0.593    |  6.422    |  27.01    |  164.8    |
|  462      |  0.9933   |  0.8392   |  2.568    |  0.7149   |  4.68     |  1.418    |  29.52    |  46.96    |
|  463      |  0.994    |  0.8658   |  3.136    |  0.8363   |  4.334    |  6.152    |  58.92    |  208.0    |
|  464      |  0.9929   |  0.4819   |  3.775    |  0.6455   |  9.3      |  5.945    |  71.75    |  187.4    |
|  465      |  0.9931   |  0.8064   |  6.119    |  0.7076   |  6.193    |  2.339    |  59.65    |  26.61    |
|  466      |  0.9891   |  0.9998   |  4.33     |  0.4956   |  8.998    |  4.578    |  26.17    |  45.96    |
|  467      |  0.9938   |  0.4769   |  3.697    |  0.8521   |  7.118    |  5.405    |  36.95    |  113.6    |
|  468      |  0.994    |  0.955    |  5.239    |  0.8041   |  6.694    |  2.935    |  13.01    |  136.6    |
|  469      |  0.9933   |  0.8671   |  3.323    |  0.651    |  5.11     |  1.141    |  28.87    |  42.59    |
|  470      |  0.993    |  0.4436   |  1.076    |  0.6629   |  8.12     |  3.999    |  28.48    |  104.0    |
|  471      |  0.994    |  0.7979   |  6.267    |  0.918    |  2.945    |  6.287    |  91.95    |  65.64    |
|  472      |  0.9937   |  0.485    |  5.785    |  0.9637   |  8.462    |  7.682    |  23.51    |  228.6    |
|  473      |  0.9941   |  0.9401   |  3.89     |  0.9684   |  2.473    |  2.903    |  63.08    |  43.01    |
|  474      |  0.9935   |  0.4973   |  3.675    |  0.6413   |  0.1965   |  0.771    |  32.85    |  40.58    |
|  475      |  0.994    |  0.6208   |  1.712    |  0.8195   |  5.258    |  0.6853   |  45.0     |  58.42    |
|  476      |  0.9941   |  0.9992   |  6.036    |  0.8982   |  4.303    |  2.538    |  6.64     |  104.7    |
|  477      |  0.994    |  0.505    |  1.083    |  0.8412   |  2.39     |  2.165    |  12.91    |  114.8    |
|  478      |  0.9934   |  0.716    |  6.238    |  0.6088   |  1.721    |  0.8007   |  81.51    |  106.7    |
|  479      |  0.9933   |  0.8283   |  2.449    |  0.7169   |  3.594    |  7.552    |  47.03    |  219.0    |
|  480      |  0.9891   |  0.8648   |  5.9      |  0.433    |  0.7981   |  0.5345   |  65.99    |  24.19    |
|  481      |  0.9939   |  0.4564   |  1.326    |  0.8061   |  5.651    |  0.4443   |  44.15    |  58.02    |
|  482      |  0.9939   |  0.7175   |  5.54     |  0.8229   |  6.285    |  7.438    |  14.49    |  18.74    |
|  483      |  0.9939   |  0.884    |  6.006    |  0.9717   |  7.581    |  1.405    |  91.9     |  190.7    |
|  484      |  0.9933   |  0.8504   |  5.794    |  0.5234   |  3.784    |  5.72     |  21.65    |  188.5    |
|  485      |  0.9933   |  0.7969   |  3.161    |  0.5286   |  2.355    |  2.514    |  62.95    |  62.9     |
|  486      |  0.9931   |  0.5132   |  2.097    |  0.5837   |  6.281    |  4.791    |  61.0     |  109.6    |
|  487      |  0.9939   |  0.4167   |  2.624    |  0.7819   |  2.321    |  2.639    |  86.63    |  116.7    |
|  488      |  0.9932   |  0.8947   |  2.056    |  0.6232   |  7.095    |  2.709    |  9.648    |  58.44    |
|  489      |  0.993    |  0.517    |  6.539    |  0.6636   |  6.903    |  9.159    |  68.54    |  152.5    |
|  490      |  0.9941   |  0.8513   |  4.776    |  0.9998   |  4.122    |  0.6011   |  19.32    |  237.3    |
|  491      |  0.9939   |  0.7957   |  1.228    |  0.9834   |  6.326    |  3.512    |  82.24    |  74.47    |
|  492      |  0.994    |  0.7873   |  2.191    |  0.9047   |  2.371    |  6.393    |  86.6     |  229.2    |
|  493      |  0.9939   |  0.7264   |  3.298    |  0.9379   |  6.113    |  8.265    |  59.69    |  27.76    |
|  494      |  0.9933   |  0.7723   |  1.949    |  0.7367   |  1.182    |  4.418    |  78.77    |  253.4    |
|  495      |  0.9931   |  0.4571   |  3.207    |  0.5615   |  4.857    |  6.797    |  58.3     |  208.0    |
|  496      |  0.9933   |  0.9541   |  6.903    |  0.7034   |  4.107    |  9.603    |  5.109    |  74.89    |
|  497      |  0.9891   |  0.6328   |  6.258    |  0.4802   |  8.075    |  8.835    |  13.65    |  100.5    |
|  498      |  0.9932   |  0.5346   |  3.642    |  0.7373   |  2.543    |  8.191    |  35.02    |  30.58    |
|  499      |  0.994    |  0.4246   |  3.871    |  0.9871   |  1.251    |  0.3961   |  29.66    |  43.56    |
|  500      |  0.9939   |  0.6866   |  6.947    |  0.972    |  3.893    |  1.729    |  82.06    |  106.0    |
|  501      |  0.9932   |  0.8976   |  4.69     |  0.5542   |  6.988    |  3.272    |  12.21    |  136.2    |
|  502      |  0.9933   |  0.5409   |  4.476    |  0.5591   |  2.249    |  1.352    |  33.45    |  42.44    |
|  503      |  0.9929   |  0.9372   |  5.412    |  0.6161   |  2.332    |  4.666    |  13.53    |  13.76    |
|  504      |  0.994    |  0.9619   |  1.132    |  0.797    |  6.183    |  0.7736   |  45.38    |  57.75    |
|  505      |  0.9941   |  0.8842   |  4.771    |  0.9875   |  0.3594   |  4.702    |  27.34    |  165.3    |
|  506      |  0.9933   |  0.8646   |  4.029    |  0.5026   |  2.243    |  1.939    |  63.25    |  42.47    |
|  507      |  0.9891   |  0.8646   |  4.208    |  0.4477   |  0.6636   |  0.8555   |  30.29    |  43.15    |
|  508      |  0.994    |  0.9969   |  5.123    |  0.8989   |  5.463    |  0.9238   |  26.19    |  50.19    |
|  509      |  0.9931   |  0.592    |  4.041    |  0.7345   |  5.596    |  1.216    |  41.29    |  160.6    |
|  510      |  0.994    |  0.7889   |  3.247    |  0.8681   |  5.245    |  3.674    |  19.11    |  19.47    |
|  511      |  0.9931   |  0.5234   |  4.617    |  0.6216   |  5.136    |  6.232    |  53.07    |  233.5    |
|  512      |  0.9934   |  0.671    |  3.841    |  0.6701   |  1.091    |  1.317    |  68.0     |  109.3    |
|  513      |  0.994    |  0.5646   |  2.495    |  0.8253   |  1.344    |  1.457    |  95.6     |  248.2    |
|  514      |  0.9933   |  0.8311   |  4.742    |  0.5025   |  2.253    |  7.178    |  28.72    |  85.91    |
|  515      |  0.994    |  0.8912   |  5.957    |  0.8652   |  7.076    |  7.039    |  13.59    |  96.07    |
|  516      |  0.9941   |  0.6624   |  3.555    |  0.917    |  1.992    |  0.8355   |  34.29    |  43.31    |
|  517      |  0.994    |  0.9647   |  5.216    |  0.9764   |  4.433    |  4.597    |  21.52    |  187.6    |
|  518      |  0.9933   |  0.8433   |  6.184    |  0.6358   |  4.054    |  4.708    |  27.06    |  47.83    |
|  519      |  0.9934   |  0.6199   |  1.582    |  0.5865   |  0.8319   |  1.391    |  32.21    |  42.13    |
|  520      |  0.994    |  0.5567   |  2.984    |  0.8272   |  5.804    |  0.1084   |  26.65    |  45.8     |
|  521      |  0.9939   |  0.7078   |  4.595    |  0.8256   |  2.479    |  5.614    |  87.56    |  191.2    |
|  522      |  0.994    |  0.5204   |  6.34     |  0.7532   |  3.321    |  3.904    |  20.56    |  86.0     |
|  523      |  0.9891   |  0.5175   |  5.615    |  0.4238   |  7.855    |  6.389    |  12.51    |  43.59    |
|  524      |  0.9938   |  0.4749   |  5.339    |  0.8634   |  5.171    |  5.126    |  15.93    |  13.67    |
|  525      |  0.9931   |  0.4544   |  2.835    |  0.5206   |  2.664    |  1.892    |  95.4     |  248.0    |
|  526      |  0.9933   |  0.9563   |  4.473    |  0.6306   |  4.014    |  6.945    |  51.18    |  232.8    |
|  527      |  0.9939   |  0.7943   |  3.411    |  0.835    |  5.834    |  3.792    |  19.43    |  18.0     |
|  528      |  0.994    |  0.5385   |  5.048    |  0.9774   |  4.007    |  4.523    |  19.53    |  87.33    |
|  529      |  0.9933   |  0.8195   |  6.569    |  0.6858   |  2.407    |  5.592    |  87.36    |  191.3    |
|  530      |  0.989    |  0.4354   |  3.616    |  0.4206   |  1.901    |  3.59     |  63.86    |  43.33    |
|  531      |  0.989    |  0.6187   |  3.198    |  0.4449   |  1.438    |  2.051    |  33.29    |  43.51    |
|  532      |  0.994    |  0.6158   |  6.131    |  0.832    |  1.074    |  4.815    |  88.27    |  189.7    |
|  533      |  0.9939   |  0.571    |  5.154    |  0.7686   |  4.529    |  5.733    |  22.3     |  187.6    |
|  534      |  0.9891   |  0.8197   |  6.388    |  0.4652   |  6.419    |  6.326    |  13.09    |  95.69    |
|  535      |  0.9934   |  0.6522   |  3.194    |  0.5855   |  3.607    |  0.6264   |  28.49    |  45.38    |
|  536      |  0.9891   |  0.9181   |  2.403    |  0.4984   |  9.712    |  6.196    |  37.5     |  207.6    |
|  537      |  0.9931   |  0.642    |  3.762    |  0.548    |  7.409    |  8.104    |  42.87    |  117.7    |
|  538      |  0.9931   |  0.5053   |  6.148    |  0.7366   |  7.63     |  9.795    |  28.3     |  105.5    |
|  539      |  0.9895   |  0.7748   |  2.506    |  0.4391   |  5.92     |  9.726    |  59.13    |  10.09    |
|  540      |  0.994    |  0.8174   |  4.397    |  0.9037   |  3.33     |  2.61     |  92.43    |  157.1    |
|  541      |  0.9891   |  0.6115   |  5.734    |  0.4766   |  0.6197   |  2.501    |  27.99    |  74.89    |
|  542      |  0.9933   |  0.5818   |  5.332    |  0.6394   |  0.6737   |  1.224    |  97.55    |  54.58    |
|  543      |  0.9939   |  0.7724   |  5.796    |  0.8595   |  7.912    |  0.2484   |  74.41    |  213.7    |
|  544      |  0.9933   |  0.9202   |  4.774    |  0.5893   |  3.897    |  5.141    |  51.66    |  232.7    |
|  545      |  0.994    |  0.5578   |  1.326    |  0.973    |  2.649    |  0.8255   |  96.08    |  246.1    |
|  546      |  0.9941   |  0.7883   |  5.801    |  0.9587   |  3.001    |  0.1094   |  38.84    |  186.1    |
|  547      |  0.989    |  0.692    |  1.867    |  0.4141   |  4.376    |  9.099    |  32.26    |  175.0    |
|  548      |  0.9934   |  0.9799   |  6.127    |  0.6806   |  2.118    |  8.429    |  27.53    |  84.55    |
|  549      |  0.994    |  0.8476   |  2.462    |  0.7682   |  5.848    |  4.448    |  19.42    |  18.08    |
|  550      |  0.9934   |  0.6675   |  4.389    |  0.5868   |  0.7625   |  5.498    |  25.98    |  164.5    |
=============================================================================================================

BEST HYPERPARAMETERS:
|  89       |  0.9942   |  0.6902   |  4.271    |  0.9717   |  0.07227  |  0.0807   |  32.52    |  41.31    |
